(438, 9, 0.15650542401846845)
(438, 3, 0.30699295983762931)
(438, 1, 0.2751503263828512)
(438, 8, nan)
(438, 2, 0.26287758630390279)
(438, 7, 0.32119401120623048)
(439, 4, 0.33885512805921802)
(439, 5, 0.44343998582648259)
(439, 6, 0.4206109003668359)
(439, 9, 0.32397675550901872)
(439, 3, 0.42020578111659357)
(439, 1, 0.36179042416054696)
(439, 8, nan)
(439, 2, 0.32902012703215289)
(439, 7, 0.33303038817426511)
(440, 4, 0.2172872124104861)
(440, 5, 0.36117290489482246)
(440, 6, 0.38331202122887453)
(440, 9, 0.32279030540609344)
(440, 3, 0.31905148287088125)
(440, 1, 0.4266638169533975)
(440, 8, nan)
(440, 2, 0.26075086665120795)
(440, 7, 0.26268415700852388)
(441, 4, 0.22831199951803671)
(441, 5, 0.31482552988052404)
(441, 6, 0.28218570578892366)
(441, 9, 0.19598608289917752)
(441, 3, 0.28035277274101422)
(441, 1, 0.28797478548975897)
(441, 8, nan)
(441, 2, 0.22721816314146692)
(441, 7, 0.26439560245215077)
(443, 4, 0.21079921248856337)
(443, 5, 0.28711322973936215)
(443, 6, 0.27633179762577531)
(443, 9, 0.26408183931281648)
(443, 3, 0.25822605475768423)
(443, 1, 0.24869800703875455)
(443, 8, nan)
(443, 2, 0.19754720896975542)
(443, 7, 0.16783141654556766)
(444, 4, 0.17591558523207318)
(444, 5, 0.19518372142012796)
(444, 6, 0.22428207855307991)
(444, 9, 0.18884575404029036)
(444, 3, 0.23641974375866059)
(444, 1, 0.17946214758628032)
(444, 8, nan)
(444, 2, 0.17163273478230823)
(444, 7, 0.20267665803576429)
(446, 4, 0.25945609771446942)
(446, 5, 0.32437302378310928)
(446, 6, 0.30827882678425578)
(446, 9, 0.25909014689051535)
(446, 3, 0.32669965123318212)
(446, 1, 0.22886345711574163)
(446, 8, nan)
(446, 2, 0.23217373688683096)
(446, 7, 0.31460949750268608)
(447, 4, 0.2578632133391493)
(447, 5, 0.30133772379425849)
(447, 6, 0.2626339828073363)
(447, 9, 0.21626717481198909)
(447, 3, 0.30555608681633228)
(447, 1, 0.19305396272623454)
(447, 8, nan)
(447, 2, 0.18429743806649013)
(447, 7, 0.31533081404388286)
(449, 4, 0.24292429772165292)
(449, 5, 0.21965589891551474)
(449, 6, 0.20437551013642907)
(449, 9, 0.14683881367872176)
(449, 3, 0.19383335669199775)
(449, 1, 0.19995096509273624)
(449, 8, nan)
(449, 2, 0.21899492383977437)
(449, 7, 0.088344891611635501)
(450, 4, 0.42475108380941773)
(450, 5, 0.44430789989584563)
(450, 6, 0.44923369774745536)
(450, 9, 0.30423458329195618)
(450, 3, 0.44962177283678173)
(450, 1, 0.47766234588540879)
(450, 8, nan)
(450, 2, 0.46824187992692923)
(450, 7, 0.2919060252603809)
(451, 4, 0.28512506697270812)
(451, 5, 0.33305689201530031)
(451, 6, 0.31641225681317253)
(451, 9, 0.28256943397158762)
(451, 3, 0.33890140077096864)
(451, 1, 0.28014345731117785)
(451, 8, nan)
(451, 2, 0.27546357826094381)
(451, 7, 0.32294187316236356)
(452, 4, 0.19811409225432985)
(452, 5, 0.32869636947838154)
(452, 6, 0.29876658015615043)
(452, 9, 0.2941791388396725)
(452, 3, 0.27497457766773292)
(452, 1, 0.27010829161546801)
(452, 8, nan)
(452, 2, 0.17116443937751347)
(452, 7, 0.19952405298704379)
(453, 4, 0.20393231693151159)
(453, 5, 0.26041484156967898)
(453, 6, 0.27511721259522304)
(453, 9, 0.16521966610057814)
(453, 3, 0.24047487785083876)
(453, 1, 0.28967848342314428)
(453, 8, nan)
(453, 2, 0.22669736608391222)
(453, 7, 0.18489301087479471)
(454, 4, 0.30776762111528977)
(454, 5, 0.37916322459164564)
(454, 6, 0.32705870091706646)
(454, 9, 0.40371883181149348)
(454, 3, 0.39317536294599209)
(454, 1, 0.27075731074155851)
(454, 8, nan)
(454, 2, 0.23273946592049566)
(454, 7, 0.25007376813591531)
(456, 4, 0.26573805804184014)
(456, 5, 0.26168460684409389)
(456, 6, 0.29864400365194976)
(456, 9, 0.19095685469043544)
(456, 3, 0.29338089293503444)
(456, 1, 0.25275102156393192)
(456, 8, nan)
(456, 2, 0.27152973745799769)
(456, 7, 0.22168872290483643)
(458, 4, 0.21495545036846853)
(458, 5, 0.35294514091330198)
(458, 6, 0.37868388631882133)
(458, 9, 0.20191337614182503)
(458, 3, 0.35191566064798452)
(458, 1, 0.31268099146519923)
(458, 8, nan)
(458, 2, 0.25152359811719349)
(458, 7, 0.32322940393480271)
(459, 4, 0.15657963425456889)
(459, 5, 0.23531657433420317)
(459, 6, 0.21621945281419575)
(459, 9, 0.22252366648758115)
(459, 3, 0.22638769665555403)
(459, 1, 0.16580315932183776)
(459, 8, nan)
(459, 2, 0.1448096352407563)
(459, 7, 0.19481871856570043)
(460, 4, 0.23830579111827976)
(460, 5, 0.34114483655816241)
(460, 6, 0.2999916650200003)
(460, 9, 0.33505297040744197)
(460, 3, 0.3328046442372492)
(460, 1, 0.23858868274137213)
(460, 8, nan)
(460, 2, 0.20884356217913957)
(460, 7, 0.25749046184932667)
(461, 4, 0.25801953436911251)
(461, 5, 0.30600826903300993)
(461, 6, 0.29290658789914814)
(461, 9, 0.21790347812208988)
(461, 3, 0.30751001279032231)
(461, 1, 0.23262124217478297)
(461, 8, nan)
(461, 2, 0.2615033461493711)
(461, 7, 0.28244358208185005)
(462, 4, 0.29747350940715989)
(462, 5, 0.45177515347205599)
(462, 6, 0.43704335795916194)
(462, 9, 0.37955230870382728)
(462, 3, 0.40811516750018739)
(462, 1, 0.31984869691250317)
(462, 8, nan)
(462, 2, 0.25619760392646818)
(462, 7, 0.35815245011812669)
(463, 4, 0.19194194195345293)
(463, 5, 0.31805955534382213)
(463, 6, 0.29561912205716401)
(463, 9, 0.18330827118327531)
(463, 3, 0.28546719771845463)
(463, 1, 0.25312978156978816)
(463, 8, nan)
(463, 2, 0.17183298399604063)
(463, 7, 0.30913085283051422)
(464, 4, 0.18419586281615374)
(464, 5, 0.23832533578192816)
(464, 6, 0.20084762519505661)
(464, 9, 0.34458002419345912)
(464, 3, 0.2530302471669873)
(464, 1, 0.17529389109333515)
(464, 8, nan)
(464, 2, 0.17398427628717017)
(464, 7, 0.15178686227725313)
(465, 4, 0.39982944031636891)
(465, 5, 0.39073099719474347)
(465, 6, 0.41147429635809063)
(465, 9, 0.21879142223852388)
(465, 3, 0.39281783759634981)
(465, 1, 0.37106201158249252)
(465, 8, nan)
(465, 2, 0.42829289539626614)
(465, 7, 0.29610576419318191)
(466, 4, 0.30625890457434002)
(466, 5, 0.37799449002943897)
(466, 6, 0.3410616239470099)
(466, 9, 0.41145026379287053)
(466, 3, 0.38415878775303225)
(466, 1, 0.30397858116946508)
(466, 8, nan)
(466, 2, 0.29734513995025169)
(466, 7, 0.26417775745049554)
(467, 4, 0.23140907188149051)
(467, 5, 0.28657762656717412)
(467, 6, 0.28769920805807669)
(467, 9, 0.24597866629036591)
(467, 3, 0.29114726144638126)
(467, 1, 0.22058787913425482)
(467, 8, nan)
(467, 2, 0.23464339626210506)
(467, 7, 0.23478391706727408)
(468, 4, 0.22170825378492176)
(468, 5, 0.29358716214638414)
(468, 6, 0.33367002896376929)
(468, 9, 0.15650542401846845)
(468, 3, 0.30699295983762931)
(468, 1, 0.2751503263828512)
(468, 8, nan)
(468, 2, 0.26287758630390279)
(468, 7, 0.32119401120623048)
(469, 4, 0.27745063083177468)
(469, 5, 0.35005676056403823)
(469, 6, 0.35624498077903555)
(469, 9, 0.32850124628399291)
(469, 3, 0.36024030716516187)
(469, 1, 0.31310961478772503)
(469, 8, nan)
(469, 2, 0.26087568439328046)
(469, 7, 0.30028451113980659)
(473, 4, 0.33724492495617486)
(473, 5, 0.29140431281563406)
(473, 6, 0.34309748460765765)
(473, 9, 0.14465893402524599)
(473, 3, 0.30851888853021159)
(473, 1, 0.32102601737791048)
(473, 8, nan)
(473, 2, 0.3671829313690671)
(473, 7, 0.22533892569741509)
(474, 4, 0.24800871633269628)
(474, 5, 0.36440343853466872)
(474, 6, 0.39882110187983555)
(474, 9, 0.2723354401783501)
(474, 3, 0.37987847569095479)
(474, 1, 0.27230146607682482)
(474, 8, nan)
(474, 2, 0.24636698022351911)
(474, 7, 0.34313907434763991)
(475, 4, 0.25185173195703148)
(475, 5, 0.29595866475916233)
(475, 6, 0.28956576491032682)
(475, 9, 0.30452766305108958)
(475, 3, 0.33953088724809055)
(475, 1, 0.23050900928538232)
(475, 8, nan)
(475, 2, 0.22544929078592912)
(475, 7, 0.2143965795780387)
(476, 4, 0.34959933996583681)
(476, 5, 0.36189571453775227)
(476, 6, 0.35600821459562915)
(476, 9, 0.29233998830619801)
(476, 3, 0.35161099018516784)
(476, 1, 0.31717806463853215)
(476, 8, nan)
(476, 2, 0.34600103931306159)
(476, 7, 0.23790443069954326)
(478, 4, 0.26873646506352789)
(478, 5, 0.38756078728361043)
(478, 6, 0.43589897528413335)
(478, 9, 0.26891169216602728)
(478, 3, 0.37053547070693882)
(478, 1, 0.32030243696012461)
(478, 8, nan)
(478, 2, 0.31151420843690347)
(478, 7, 0.41277942265760736)
(480, 4, 0.30761081101445731)
(480, 5, 0.43972845676099448)
(480, 6, 0.38389164860843294)
(480, 9, 0.30322060461581035)
(480, 3, 0.45395355730020182)
(480, 1, 0.32651388665256498)
(480, 8, nan)
(480, 2, 0.3236470060297566)
(480, 7, 0.33844646148182833)
(481, 4, 0.26260600985892246)
(481, 5, 0.35371617890455131)
(481, 6, 0.3261480802062009)
(481, 9, 0.41442324799404751)
(481, 3, 0.32676123877558438)
(481, 1, 0.2985621305039623)
(481, 8, nan)
(481, 2, 0.26891606776905774)
(481, 7, 0.25509132161402581)
(482, 4, 0.29980271132259073)
(482, 5, 0.32449850553351567)
(482, 6, 0.28911403921813295)
(482, 9, 0.36740666713898906)
(482, 3, 0.31279143719509761)
(482, 1, 0.22564764580716301)
(482, 8, nan)
(482, 2, 0.24094955434026022)
(482, 7, 0.20836422496264895)
(483, 4, 0.050699979904935355)
(483, 5, 0.12846350946712115)
(483, 6, 0.12862228865786951)
(483, 9, 0.059888847479356744)
(483, 3, 0.11890653810065743)
(483, 1, 0.10569416518016927)
(483, 8, nan)
(483, 2, 0.066268793240367052)
(483, 7, 0.12763602158908838)
(484, 4, 0.31385471353941896)
(484, 5, 0.41330947327882062)
(484, 6, 0.41806667541617704)
(484, 9, 0.2378754599352757)
(484, 3, 0.39661254663709622)
(484, 1, 0.40005635253150418)
(484, 8, nan)
(484, 2, 0.32795064614119629)
(484, 7, 0.35963860793845481)
(485, 4, 0.2701747762192277)
(485, 5, 0.34812699887332377)
(485, 6, 0.3854124266624781)
(485, 9, 0.24703130047587862)
(485, 3, 0.36682340269085412)
(485, 1, 0.31575192308767353)
(485, 8, nan)
(485, 2, 0.31104683592837112)
(485, 7, 0.37623425864495708)
(486, 4, 0.10489729129263903)
(486, 5, 0.17186014651202297)
(486, 6, 0.16049553567893349)
(486, 9, 0.12969794877537721)
(486, 3, 0.1709542982918173)
(486, 1, 0.14172067094418428)
(486, 8, nan)
(486, 2, 0.096307418079149221)
(486, 7, 0.14221261979003164)
(487, 4, 0.37080973517724636)
(487, 5, 0.34150108162819448)
(487, 6, 0.40077045528866151)
(487, 9, 0.26782854232612263)
(487, 3, 0.40090569632073736)
(487, 1, 0.34039120552616431)
(487, 8, nan)
(487, 2, 0.41197324619908149)
(487, 7, 0.3203927498810345)
(488, 4, 0.27411929236653121)
(488, 5, 0.38883169860857691)
(488, 6, 0.50029268462477861)
(488, 9, 0.23492975474463185)
(488, 3, 0.44340997070848065)
(488, 1, 0.36982302906434428)
(488, 8, nan)
(488, 2, 0.34527688159727243)
(488, 7, 0.6246007499048768)
(490, 4, 0.11732076523912482)
(490, 5, 0.20465964219762167)
(490, 6, 0.25091656312549226)
(490, 9, 0.23490703741783259)
(490, 3, 0.26536371760407107)
(490, 1, 0.2443408042950217)
(490, 8, nan)
(490, 2, 0.1295506254847878)
(490, 7, 0.19214048865111422)
(491, 4, 0.18419586281615374)
(491, 5, 0.23832533578192816)
(491, 6, 0.20084762519505661)
(491, 9, 0.34458002419345912)
(491, 3, 0.2530302471669873)
(491, 1, 0.17529389109333515)
(491, 8, nan)
(491, 2, 0.17398427628717017)
(491, 7, 0.15178686227725313)
(492, 4, 0.36844905582458598)
(492, 5, 0.43056682897358511)
(492, 6, 0.42535178361603576)
(492, 9, 0.28183238799509414)
(492, 3, 0.3905194047101197)
(492, 1, 0.37772889057789527)
(492, 8, nan)
(492, 2, 0.39638221318244948)
(492, 7, 0.29316648921411237)
(493, 4, 0.24313932466364707)
(493, 5, 0.2364250894196902)
(493, 6, 0.23366270258645305)
(493, 9, 0.18160247200583746)
(493, 3, 0.23037439484458633)
(493, 1, 0.21469126744471334)
(493, 8, nan)
(493, 2, 0.21893953172454161)
(493, 7, 0.1584631250763)
(494, 4, 0.41968012016971146)
(494, 5, 0.40797851123699158)
(494, 6, 0.42949115418581263)
(494, 9, 0.37054676837263845)
(494, 3, 0.48347262990661544)
(494, 1, 0.35768878342722554)
(494, 8, nan)
(494, 2, 0.38752149083019682)
(494, 7, 0.38897802960856342)
(495, 4, 0.12536963882386076)
(495, 5, 0.29460005713148596)
(495, 6, 0.27144686500532744)
(495, 9, 0.14433508342891921)
(495, 3, 0.20287849668134805)
(495, 1, 0.25257763625739882)
(495, 8, nan)
(495, 2, 0.13436959051993291)
(495, 7, 0.23751995852282037)
(496, 4, 0.23514941150760194)
(496, 5, 0.31409839301873488)
(496, 6, 0.30052068791283371)
(496, 9, 0.30174071184277418)
(496, 3, 0.31855577195862184)
(496, 1, 0.2339008405819496)
(496, 8, nan)
(496, 2, 0.23291454222318331)
(496, 7, 0.32601692905246171)
(497, 4, 0.3998707075476069)
(497, 5, 0.37760127553858114)
(497, 6, 0.36562769935649686)
(497, 9, 0.15681005359558531)
(497, 3, 0.32211284767176185)
(497, 1, 0.40797838141902254)
(497, 8, nan)
(497, 2, 0.43094905363003211)
(497, 7, 0.21121325054269136)
(498, 4, 0.31352762820003321)
(498, 5, 0.33478923277087547)
(498, 6, 0.35918548707019271)
(498, 9, 0.24576999987133119)
(498, 3, 0.33090778099711349)
(498, 1, 0.27036891294480214)
(498, 8, nan)
(498, 2, 0.31881040971802554)
(498, 7, 0.2782766019769054)
(500, 4, 0.36048923301369307)
(500, 5, 0.44821402906957286)
(500, 6, 0.43840662227173943)
(500, 9, 0.31142728412791765)
(500, 3, 0.41135201749743511)
(500, 1, 0.39828297210957342)
(500, 8, nan)
(500, 2, 0.3511298860995935)
(500, 7, 0.34192134326081525)
(501, 4, 0.35886839811392601)
(501, 5, 0.47401548285942474)
(501, 6, 0.44198612546452387)
(501, 9, 0.35055444196163466)
(501, 3, 0.42910772541431341)
(501, 1, 0.34922985158686148)
(501, 8, nan)
(501, 2, 0.31390980875014751)
(501, 7, 0.34018411069936183)
(502, 4, 0.24690740178960935)
(502, 5, 0.3018801018689683)
(502, 6, 0.31656863796676604)
(502, 9, 0.15021228030157197)
(502, 3, 0.28558189679876211)
(502, 1, 0.25267295250268473)
(502, 8, nan)
(502, 2, 0.25206613202461825)
(502, 7, 0.31858711852727906)
(503, 4, 0.20414079198817658)
(503, 5, 0.3269653989946526)
(503, 6, 0.29487840564543322)
(503, 9, 0.1638535223143458)
(503, 3, 0.26870897399252369)
(503, 1, 0.2939693255949285)
(503, 8, nan)
(503, 2, 0.2177377893820478)
(503, 7, 0.2817897266298941)
(504, 4, 0.34574098216688376)
(504, 5, 0.2515699784605997)
(504, 6, 0.27713459242334526)
(504, 9, 0.17897911439559377)
(504, 3, 0.26347229432236252)
(504, 1, 0.30727815619854426)
(504, 8, nan)
(504, 2, 0.36607104610847041)
(504, 7, 0.097335015278084747)
(505, 4, 0.26259968476859363)
(505, 5, 0.29814715858540952)
(505, 6, 0.30595826609630472)
(505, 9, 0.17679243408801049)
(505, 3, 0.3083155673569683)
(505, 1, 0.28817766877056261)
(505, 8, nan)
(505, 2, 0.28148071261940033)
(505, 7, 0.25608739196737884)
(507, 4, 0.35854184789061705)
(507, 5, 0.37182532698284831)
(507, 6, 0.32587590035148351)
(507, 9, 0.39394392491914365)
(507, 3, 0.36348271066628735)
(507, 1, 0.28227554615150074)
(507, 8, nan)
(507, 2, 0.28861886259255032)
(507, 7, 0.22537715193810226)
(508, 4, 0.18245777975729849)
(508, 5, 0.3762911731358618)
(508, 6, 0.2905475969097846)
(508, 9, 0.19876091561303999)
(508, 3, 0.25929636569188586)
(508, 1, 0.26632615068114851)
(508, 8, nan)
(508, 2, 0.18544794576231949)
(508, 7, 0.27530308285704286)
(509, 4, 0.42096762813543243)
(509, 5, 0.45130963965831139)
(509, 6, 0.41218012215437272)
(509, 9, 0.40779729523564789)
(509, 3, 0.47100905749936284)
(509, 1, 0.34115257836892443)
(509, 8, nan)
(509, 2, 0.34247465136235444)
(509, 7, 0.35111630490748369)
(510, 4, 0.26502527421173472)
(510, 5, 0.31491837589904459)
(510, 6, 0.28922291331968009)
(510, 9, 0.17029176091800946)
(510, 3, 0.26098316694954105)
(510, 1, 0.26162418475047899)
(510, 8, nan)
(510, 2, 0.24479631738846297)
(510, 7, 0.22752038895064342)
(512, 4, 0.19011736847643868)
(512, 5, 0.30007688537520183)
(512, 6, 0.29164431543533309)
(512, 9, 0.24680910004751533)
(512, 3, 0.29547666553204399)
(512, 1, 0.21431791055391614)
(512, 8, nan)
(512, 2, 0.19517638773700541)
(512, 7, 0.33506797511555009)
(513, 4, 0.30717176664121548)
(513, 5, 0.36747149271518964)
(513, 6, 0.35592156402302522)
(513, 9, 0.31533061246761718)
(513, 3, 0.4019245344476654)
(513, 1, 0.23928787078260971)
(513, 8, nan)
(513, 2, 0.25801477452436172)
(513, 7, 0.33015998092481524)
(514, 4, 0.24472930145801042)
(514, 5, 0.26955430431603633)
(514, 6, 0.28384609218220258)
(514, 9, 0.21057764548457303)
(514, 3, 0.26174609733492815)
(514, 1, 0.22472853824061345)
(514, 8, nan)
(514, 2, 0.24718996411023875)
(514, 7, 0.22728999012588702)
(515, 4, 0.32713757102402452)
(515, 5, 0.39957309851584888)
(515, 6, 0.35555743347752045)
(515, 9, 0.57691992331497188)
(515, 3, 0.42931157356580474)
(515, 1, 0.31056159445343168)
(515, 8, nan)
(515, 2, 0.33552931530248098)
(515, 7, 0.24619304401113207)
(517, 4, 0.32872787498086031)
(517, 5, 0.41051835860071528)
(517, 6, 0.41767748151370421)
(517, 9, 0.35544854951498495)
(517, 3, 0.42467926475906037)
(517, 1, 0.32586845591845459)
(517, 8, nan)
(517, 2, 0.31688356154267916)
(517, 7, 0.3750705599741273)
(518, 4, 0.079470378130126917)
(518, 5, 0.056750184073410148)
(518, 6, 0.075087270057138666)
(518, 9, 0.034101220946867739)
(518, 3, 0.072068624473470511)
(518, 1, 0.068918864423441195)
(518, 8, nan)
(518, 2, 0.089202302735313599)
(518, 7, 0.031642947119215004)
(519, 4, 0.30141317103020304)
(519, 5, 0.3657790590715152)
(519, 6, 0.30922896708936531)
(519, 9, 0.55441445080401008)
(519, 3, 0.35408197334864266)
(519, 1, 0.26873439770036933)
(519, 8, nan)
(519, 2, 0.32148185412414065)
(519, 7, 0.23150619810705386)
(520, 4, 0.28274934590993372)
(520, 5, 0.34846362770469264)
(520, 6, 0.34087466931179944)
(520, 9, 0.25194621854601684)
(520, 3, 0.30916847703142847)
(520, 1, 0.37825020779478757)
(520, 8, nan)
(520, 2, 0.30998437145339564)
(520, 7, 0.17099017154050733)
(521, 4, 0.24018740761514468)
(521, 5, 0.3499633628768779)
(521, 6, 0.31442252970916518)
(521, 9, 0.37172418328646994)
(521, 3, 0.30302673491287369)
(521, 1, 0.2806537109013143)
(521, 8, nan)
(521, 2, 0.24319386086794292)
(521, 7, 0.26732783784717151)
(522, 4, 0.18253305001536624)
(522, 5, 0.33691709405918191)
(522, 6, 0.31931934022857578)
(522, 9, 0.23495387324535022)
(522, 3, 0.29863538365733289)
(522, 1, 0.32544135268845054)
(522, 8, nan)
(522, 2, 0.19572937143619096)
(522, 7, 0.22979967995137918)
(523, 4, 0.19980332658953848)
(523, 5, 0.28275285086728541)
(523, 6, 0.30169756409086013)
(523, 9, 0.17728727527164723)
(523, 3, 0.24909116244529661)
(523, 1, 0.23155990627184075)
(523, 8, nan)
(523, 2, 0.20284313375109153)
(523, 7, 0.23062193291585409)
(524, 4, 0.23205572478672798)
(524, 5, 0.29088745192734078)
(524, 6, 0.30821833181082769)
(524, 9, 0.20811397927034303)
(524, 3, 0.27224160738332304)
(524, 1, 0.25176299113453937)
(524, 8, nan)
(524, 2, 0.24243901925203848)
(524, 7, 0.23425062782987949)
(525, 4, 0.31990767133784859)
(525, 5, 0.42377604033029193)
(525, 6, 0.43359828967662573)
(525, 9, 0.34318745139098206)
(525, 3, 0.4201578488447234)
(525, 1, 0.37219180770142524)
(525, 8, nan)
(525, 2, 0.33570486978966174)
(525, 7, 0.37548494962827239)
(526, 4, 0.30406601050419713)
(526, 5, 0.42406709383771723)
(526, 6, 0.42963075807215034)
(526, 9, 0.28828137897608586)
(526, 3, 0.3997904194479025)
(526, 1, 0.44671885767614827)
(526, 8, nan)
(526, 2, 0.35834323142856161)
(526, 7, 0.30110875081002919)
(527, 4, 0.15524335210345386)
(527, 5, 0.22416949387346274)
(527, 6, 0.23014680333472648)
(527, 9, 0.24467149858101211)
(527, 3, 0.227079311740218)
(527, 1, 0.20484904847493846)
(527, 8, nan)
(527, 2, 0.14132696748225415)
(527, 7, 0.19139678641784685)
(528, 4, 0.18768992736426715)
(528, 5, 0.20880964940064872)
(528, 6, 0.22178753056476108)
(528, 9, 0.22524722782681339)
(528, 3, 0.22619034384427295)
(528, 1, 0.21477857243270937)
(528, 8, nan)
(528, 2, 0.19162570051628292)
(528, 7, 0.18766888912213486)
(529, 4, 0.32044944361970107)
(529, 5, 0.44231087415049752)
(529, 6, 0.43047371415648361)
(529, 9, 0.4612402753523368)
(529, 3, 0.42781995556886954)
(529, 1, 0.33938933920085568)
(529, 8, nan)
(529, 2, 0.32252794747061242)
(529, 7, 0.30063753213553124)
(531, 4, 0.24299237823055142)
(531, 5, 0.32332011568722918)
(531, 6, 0.29921785031483705)
(531, 9, 0.27667552734158196)
(531, 3, 0.28427102499960299)
(531, 1, 0.26975158312355618)
(531, 8, nan)
(531, 2, 0.23223304702550274)
(531, 7, 0.22369468866753328)
(532, 4, 0.15917371986539885)
(532, 5, 0.25321238979643734)
(532, 6, 0.18946677607063178)
(532, 9, 0.15725425554985528)
(532, 3, 0.19586977634388458)
(532, 1, 0.1838653500819889)
(532, 8, nan)
(532, 2, 0.12397859989516791)
(532, 7, 0.15135399024097529)
(533, 4, 0.41539569608715832)
(533, 5, 0.41401696760249829)
(533, 6, 0.45799772703313524)
(533, 9, 0.32254675017378509)
(533, 3, 0.43699960921734493)
(533, 1, 0.39842951422494632)
(533, 8, nan)
(533, 2, 0.42652020057114282)
(533, 7, 0.30948527936298809)
(534, 4, 0.14901226319295513)
(534, 5, 0.25315982825896977)
(534, 6, 0.26534472667809017)
(534, 9, 0.18878858073072413)
(534, 3, 0.24155337447911651)
(534, 1, 0.19988292547311159)
(534, 8, nan)
(534, 2, 0.14581996081007342)
(534, 7, 0.23992016874649225)
(535, 4, 0.19228780798766021)
(535, 5, 0.24998614789868889)
(535, 6, 0.26797921950224668)
(535, 9, 0.17624139283314433)
(535, 3, 0.24045502175079281)
(535, 1, 0.23654608478623362)
(535, 8, nan)
(535, 2, 0.17623886983362791)
(535, 7, 0.25231690786108596)
(536, 4, 0.35804634186096373)
(536, 5, 0.39744569499079241)
(536, 6, 0.35517639476550489)
(536, 9, 0.26607214257242129)
(536, 3, 0.35122805131909407)
(536, 1, 0.35318742199721376)
(536, 8, nan)
(536, 2, 0.3396891540671847)
(536, 7, 0.24406589137631629)
(538, 4, 0.31715402359309053)
(538, 5, 0.40284912846761212)
(538, 6, 0.3903352066161081)
(538, 9, 0.44661117574067122)
(538, 3, 0.38201227590534126)
(538, 1, 0.40827444852951555)
(538, 8, nan)
(538, 2, 0.34461322938802053)
(538, 7, 0.25860727040449816)
(539, 4, 0.31090811461299295)
(539, 5, 0.37974542720717708)
(539, 6, 0.37203302145668038)
(539, 9, 0.34223990726828135)
(539, 3, 0.38335703997181114)
(539, 1, 0.3279563174648229)
(539, 8, nan)
(539, 2, 0.27903639256269286)
(539, 7, 0.31390290414587718)
(540, 4, 0.21461719087203968)
(540, 5, 0.30392786820313678)
(540, 6, 0.3075713365549686)
(540, 9, 0.22409615664541027)
(540, 3, 0.29741368624043885)
(540, 1, 0.26446392276162589)
(540, 8, nan)
(540, 2, 0.22641610177644389)
(540, 7, 0.35849480066273076)
(543, 4, 0.27278694654471491)
(543, 5, 0.31763990211670379)
(543, 6, 0.27861482822288786)
(543, 9, 0.45885255571446093)
(543, 3, 0.32641048611956269)
(543, 1, 0.2295677630068218)
(543, 8, nan)
(543, 2, 0.27374874658713011)
(543, 7, 0.20543658789717834)
(544, 4, 0.29360534084451329)
(544, 5, 0.36710079952219066)
(544, 6, 0.40014303038421217)
(544, 9, 0.32769679433153687)
(544, 3, 0.40419022516588066)
(544, 1, 0.34087382639372632)
(544, 8, nan)
(544, 2, 0.31600719937046196)
(544, 7, 0.38339523811420251)
(545, 4, 0.2890936014415646)
(545, 5, 0.32966011390987582)
(545, 6, 0.31149926470007949)
(545, 9, 0.39996271288624552)
(545, 3, 0.33991754767672244)
(545, 1, 0.25568862486949895)
(545, 8, nan)
(545, 2, 0.33245773031805292)
(545, 7, 0.26893604136852189)
(547, 4, 0.1685717183714569)
(547, 5, 0.25736885078340821)
(547, 6, 0.25840706183133622)
(547, 9, 0.15449182175236664)
(547, 3, 0.23501888262817749)
(547, 1, 0.22739554671926676)
(547, 8, nan)
(547, 2, 0.18305576365941323)
(547, 7, 0.19428739621741586)
(548, 4, 0.34630365705630561)
(548, 5, 0.40995119222295084)
(548, 6, 0.39862858676032964)
(548, 9, 0.35531134139622844)
(548, 3, 0.40512511511911531)
(548, 1, 0.36939513164024784)
(548, 8, nan)
(548, 2, 0.31029105048336647)
(548, 7, 0.32189060375552936)
(549, 4, 0.23072242755618522)
(549, 5, 0.23829012192810151)
(549, 6, 0.21017517913404771)
(549, 9, 0.41129757194273353)
(549, 3, 0.24061904475625462)
(549, 1, 0.18596562152588769)
(549, 8, nan)
(549, 2, 0.24851046343255312)
(549, 7, 0.16104637447250647)
(550, 4, 0.28378217844320142)
(550, 5, 0.26204636469195575)
(550, 6, 0.21326254260012856)
(550, 9, 0.16190739246112018)
(550, 3, 0.28195281636201996)
(550, 1, 0.17907804805932637)
(550, 8, nan)
(550, 2, 0.24905993753411237)
(550, 7, 0.18338069662021828)
(551, 4, 0.12851384265155608)
(551, 5, 0.17622759720660208)
(551, 6, 0.14606673472465614)
(551, 9, 0.08854087593782678)
(551, 3, 0.19428442268268653)
(551, 1, 0.086730269867534737)
(551, 8, nan)
(551, 2, 0.11694180114190522)
(551, 7, 0.20584218968371704)
(552, 4, 0.33396062508815394)
(552, 5, 0.3748139195022393)
(552, 6, 0.37432794416105852)
(552, 9, 0.34628272172165331)
(552, 3, 0.38754611365945768)
(552, 1, 0.3384680964179686)
(552, 8, nan)
(552, 2, 0.36157509290987855)
(552, 7, 0.37235097231082392)
(553, 4, 0.23959896860272256)
(553, 5, 0.31547884281465532)
(553, 6, 0.34991316320471899)
(553, 9, 0.20198886957344797)
(553, 3, 0.36198190786408602)
(553, 1, 0.30511830206448409)
(553, 8, nan)
(553, 2, 0.27418792985390772)
(553, 7, 0.44074648203921774)
(554, 4, 0.43216847010286052)
(554, 5, 0.40092971462126781)
(554, 6, 0.40142025189963926)
(554, 9, 0.36365660133992317)
(554, 3, 0.45824961814119236)
(554, 1, 0.34457635728301961)
(554, 8, nan)
(554, 2, 0.38636757836483437)
(554, 7, 0.34396918519716868)
(555, 4, 0.3185690734230886)
(555, 5, 0.40960766527923265)
(555, 6, 0.37963137598145313)
(555, 9, 0.23162744698890458)
(555, 3, 0.35761603849431167)
(555, 1, 0.32870184125134994)
(555, 8, nan)
(555, 2, 0.31129099469757282)
(555, 7, 0.320165631321494)
(556, 4, 0.31712727791786732)
(556, 5, 0.39912934160181024)
(556, 6, 0.39290756275537508)
(556, 9, 0.31020432906951634)
(556, 3, 0.3850011386297677)
(556, 1, 0.34461786253840909)
(556, 8, nan)
(556, 2, 0.32507501119036686)
(556, 7, 0.31521160132052173)
(558, 4, 0.31526143670197038)
(558, 5, 0.2150565399538733)
(558, 6, 0.25424755029354817)
(558, 9, 0.079812918888832241)
(558, 3, 0.25332852289497843)
(558, 1, 0.2537123713569891)
(558, 8, nan)
(558, 2, 0.35539598413189677)
(558, 7, 0.12024319487882318)
(559, 4, 0.44056994137653205)
(559, 5, 0.39090575558160823)
(559, 6, 0.35346386148418163)
(559, 9, 0.44078510963812989)
(559, 3, 0.41336908230539482)
(559, 1, 0.30066834618792493)
(559, 8, nan)
(559, 2, 0.44003602831668465)
(559, 7, 0.26454492505798854)
(561, 4, 0.23297105722271283)
(561, 5, 0.31701742804512478)
(561, 6, 0.31705421035577419)
(561, 9, 0.21721291242013485)
(561, 3, 0.33709318835585511)
(561, 1, 0.29229653837398706)
(561, 8, nan)
(561, 2, 0.24021668503843951)
(561, 7, 0.24416130044566808)
(563, 4, 0.25973182765471026)
(563, 5, 0.3411353092698175)
(563, 6, 0.3534194054552009)
(563, 9, 0.27208034524555913)
(563, 3, 0.33791495699715113)
(563, 1, 0.33048814581274066)
(563, 8, nan)
(563, 2, 0.26169490945104545)
(563, 7, 0.3177570198698354)
(564, 4, 0.22166640130443482)
(564, 5, 0.33346262538165306)
(564, 6, 0.34419533686059522)
(564, 9, 0.26462568298732825)
(564, 3, 0.31614530736477819)
(564, 1, 0.30712910824180772)
(564, 8, nan)
(564, 2, 0.21794520050527788)
(564, 7, 0.34334857900932159)
(566, 4, 0.2633483348562764)
(566, 5, 0.29092637262328269)
(566, 6, 0.29284667560540867)
(566, 9, 0.21954958369611899)
(566, 3, 0.29118684153085872)
(566, 1, 0.24036871353521072)
(566, 8, nan)
(566, 2, 0.2349137998758013)
(566, 7, 0.25341626311793508)
(567, 4, 0.27755351002337658)
(567, 5, 0.33022204973977853)
(567, 6, 0.37606698058240162)
(567, 9, 0.29752715131645302)
(567, 3, 0.36490005264644754)
(567, 1, 0.2850269356348909)
(567, 8, nan)
(567, 2, 0.30397036824977719)
(567, 7, 0.35234989612733092)
(568, 4, 0.41399971938076296)
(568, 5, 0.44392401537736503)
(568, 6, 0.49684387692621024)
(568, 9, 0.29123560138829929)
(568, 3, 0.48168451818252311)
(568, 1, 0.4001289515575297)
(568, 8, nan)
(568, 2, 0.42215538943808595)
(568, 7, 0.45560285973890902)
(569, 4, 0.26917433927161749)
(569, 5, 0.32857775381313381)
(569, 6, 0.27485733229223364)
(569, 9, 0.4306500896579456)
(569, 3, 0.30903553144884377)
(569, 1, 0.23811453186504905)
(569, 8, nan)
(569, 2, 0.25801814579994475)
(569, 7, 0.19631447691559134)
(570, 4, 0.18061538276758404)
(570, 5, 0.34457390739049276)
(570, 6, 0.35375073380294397)
(570, 9, 0.28867478746364938)
(570, 3, 0.32617815054330801)
(570, 1, 0.33405093830000099)
(570, 8, nan)
(570, 2, 0.18741637503980879)
(570, 7, 0.26751711586346838)
(571, 4, 0.24328774215179727)
(571, 5, 0.36504021163866529)
(571, 6, 0.36402072776175975)
(571, 9, 0.30423560555031326)
(571, 3, 0.35475484872319307)
(571, 1, 0.2789318121937594)
(571, 8, nan)
(571, 2, 0.26040695980344097)
(571, 7, 0.39877678905513048)
(573, 4, 0.24620890765765591)
(573, 5, 0.34916164836468777)
(573, 6, 0.37057188698959087)
(573, 9, 0.22644799916698266)
(573, 3, 0.32731892459881573)
(573, 1, 0.28776070063235926)
(573, 8, nan)
(573, 2, 0.28417005092065506)
(573, 7, 0.29315885566674971)
(574, 4, 0.24920693078425926)
(574, 5, 0.30026387569653701)
(574, 6, 0.30263662479067222)
(574, 9, 0.25475740933777558)
(574, 3, 0.29825632707640803)
(574, 1, 0.25924068590174087)
(574, 8, nan)
(574, 2, 0.2649559014965267)
(574, 7, 0.19967363821346684)
(576, 4, 0.1599676969340702)
(576, 5, 0.28909682440550521)
(576, 6, 0.21430200166696223)
(576, 9, 0.26442894872869793)
(576, 3, 0.23817667685376032)
(576, 1, 0.18991323917254632)
(576, 8, nan)
(576, 2, 0.18463357218192644)
(576, 7, 0.22391461107655974)
(578, 4, 0.26838563576784513)
(578, 5, 0.44086866741005826)
(578, 6, 0.41837155845073937)
(578, 9, 0.363065253509402)
(578, 3, 0.3986949210814259)
(578, 1, 0.31367504743497499)
(578, 8, nan)
(578, 2, 0.25247090766268176)
(578, 7, 0.35778640970333853)
(579, 4, 0.37836185927053489)
(579, 5, 0.35193883536331472)
(579, 6, 0.37102890705554159)
(579, 9, 0.18576223794548197)
(579, 3, 0.38486581365480022)
(579, 1, 0.3407888486989965)
(579, 8, nan)
(579, 2, 0.40009836102908158)
(579, 7, 0.34917710974584448)
(580, 4, 0.34061035971565579)
(580, 5, 0.39302524188644128)
(580, 6, 0.39493975919986246)
(580, 9, 0.37076732546816626)
(580, 3, 0.39739278463761241)
(580, 1, 0.35832247945636342)
(580, 8, nan)
(580, 2, 0.33136449062055284)
(580, 7, 0.3690858828892547)
(581, 4, 0.36878176108145122)
(581, 5, 0.41440544591576656)
(581, 6, 0.41573278507028422)
(581, 9, 0.31065922881431751)
(581, 3, 0.41362003820031268)
(581, 1, 0.34487551427351926)
(581, 8, nan)
(581, 2, 0.34401589367977969)
(581, 7, 0.3422113839571298)
(582, 4, 0.28949238933109622)
(582, 5, 0.32020917351488831)
(582, 6, 0.32955553794811498)
(582, 9, 0.229132694070173)
(582, 3, 0.34816760019732818)
(582, 1, 0.28996228207059749)
(582, 8, nan)
(582, 2, 0.26346251252162045)
(582, 7, 0.30054670640696501)
(583, 4, 0.34212708152837379)
(583, 5, 0.40655044736013179)
(583, 6, 0.42434876117947651)
(583, 9, 0.35328968906177982)
(583, 3, 0.46193180462467009)
(583, 1, 0.3060512694858406)
(583, 8, nan)
(583, 2, 0.31129162272429234)
(583, 7, 0.41605079292501168)
(584, 4, 0.29724537436989928)
(584, 5, 0.37854434972977202)
(584, 6, 0.35731592124128908)
(584, 9, 0.3529389910211661)
(584, 3, 0.37449636048962565)
(584, 1, 0.32277608432997595)
(584, 8, nan)
(584, 2, 0.27201938408010973)
(584, 7, 0.28583250941884408)
(585, 4, 0.34009469080286758)
(585, 5, 0.37622708514437786)
(585, 6, 0.37797443630789918)
(585, 9, 0.29647579351518738)
(585, 3, 0.36249897813103793)
(585, 1, 0.39322016859752518)
(585, 8, nan)
(585, 2, 0.35275994624675899)
(585, 7, 0.28824894877821439)
(586, 4, 0.25305213371106938)
(586, 5, 0.32621992143670808)
(586, 6, 0.36553164729848131)
(586, 9, 0.20117198521497259)
(586, 3, 0.32077886592317251)
(586, 1, 0.26378768680578879)
(586, 8, nan)
(586, 2, 0.27536334004563712)
(586, 7, 0.36810983832445898)
(587, 4, 0.35257440466586309)
(587, 5, 0.3816344822949338)
(587, 6, 0.35000711887558822)
(587, 9, 0.31039920404287691)
(587, 3, 0.35341644799449612)
(587, 1, 0.3041913822939768)
(587, 8, nan)
(587, 2, 0.31793047269568142)
(587, 7, 0.20725579640563596)
(588, 4, 0.16790455992366504)
(588, 5, 0.20917612951225739)
(588, 6, 0.19723881655537145)
(588, 9, 0.24023414580244062)
(588, 3, 0.21586831579410382)
(588, 1, 0.17856678937078785)
(588, 8, nan)
(588, 2, 0.17560376531909638)
(588, 7, 0.13481657628326305)
(589, 4, 0.37192336432370821)
(589, 5, 0.35670220943508368)
(589, 6, 0.37804959346211264)
(589, 9, 0.25452205271015926)
(589, 3, 0.37757651763860989)
(589, 1, 0.31489692024011584)
(589, 8, nan)
(589, 2, 0.36569199264218866)
(589, 7, 0.34322552868929801)
(590, 4, 0.19072928618897655)
(590, 5, 0.29520897119203382)
(590, 6, 0.31898107730472369)
(590, 9, 0.18865901265666396)
(590, 3, 0.32256242824020398)
(590, 1, 0.25944064124706556)
(590, 8, nan)
(590, 2, 0.21311850840872171)
(590, 7, 0.30236347284203791)
(591, 4, 0.33296570062978259)
(591, 5, 0.45426585383939677)
(591, 6, 0.39039281648066759)
(591, 9, 0.36728343595820001)
(591, 3, 0.36974292272819276)
(591, 1, 0.34398535782582973)
(591, 8, nan)
(591, 2, 0.30276339618042014)
(591, 7, 0.24503601891727722)
(592, 4, 0.27238482724963942)
(592, 5, 0.40087613278529854)
(592, 6, 0.41511012895348287)
(592, 9, 0.39317285589799544)
(592, 3, 0.42068573358038641)
(592, 1, 0.30966152285407955)
(592, 8, nan)
(592, 2, 0.29044329530070312)
(592, 7, 0.280935647963097)
(594, 4, 0.29824881755432542)
(594, 5, 0.30376522459461719)
(594, 6, 0.29405410942868371)
(594, 9, 0.15904236939415273)
(594, 3, 0.2621900812373209)
(594, 1, 0.29030092491259629)
(594, 8, nan)
(594, 2, 0.29215058578497577)
(594, 7, 0.22149659730486104)
(595, 4, 0.19121365742991969)
(595, 5, 0.2997405046620466)
(595, 6, 0.28266637402378714)
(595, 9, 0.25530725483909311)
(595, 3, 0.26478872527828268)
(595, 1, 0.24582050307762926)
(595, 8, nan)
(595, 2, 0.20619559130636445)
(595, 7, 0.2072074170826117)
(596, 4, 0.14821066881809153)
(596, 5, 0.27411637472489458)
(596, 6, 0.2725042274209899)
(596, 9, 0.16192354683320087)
(596, 3, 0.21919515491301422)
(596, 1, 0.27654409043295847)
(596, 8, nan)
(596, 2, 0.16370809843875511)
(596, 7, 0.24353459185155446)
(598, 4, 0.34951885268330096)
(598, 5, 0.48623705072391299)
(598, 6, 0.49598432806323312)
(598, 9, 0.5083290476317518)
(598, 3, 0.50345834501775877)
(598, 1, 0.43336165982269759)
(598, 8, nan)
(598, 2, 0.37198403285196613)
(598, 7, 0.37082976154612357)
(599, 4, 0.27429835255436052)
(599, 5, 0.27112417843686809)
(599, 6, 0.27695887276097575)
(599, 9, 0.2684697805958971)
(599, 3, 0.30581591422490439)
(599, 1, 0.21192080816352799)
(599, 8, nan)
(599, 2, 0.25145971612748985)
(599, 7, 0.27493979054999662)
(600, 4, 0.17055015391306005)
(600, 5, 0.18187017031125208)
(600, 6, 0.16240604744544096)
(600, 9, 0.24245959156705998)
(600, 3, 0.19385975193826921)
(600, 1, 0.13696300161641106)
(600, 8, nan)
(600, 2, 0.12539560039409248)
(600, 7, 0.13808459690436914)
(601, 4, 0.29228097402936692)
(601, 5, 0.26646487980872424)
(601, 6, 0.25323328715633309)
(601, 9, 0.21622846633125803)
(601, 3, 0.252829401120372)
(601, 1, 0.23907852849788802)
(601, 8, nan)
(601, 2, 0.30151557000996143)
(601, 7, 0.19928076146500562)
(603, 4, 0.46427350043185678)
(603, 5, 0.40148929167777103)
(603, 6, 0.43737842044549224)
(603, 9, 0.22414048020461341)
(603, 3, 0.41735986178568929)
(603, 1, 0.42781756653135705)
(603, 8, nan)
(603, 2, 0.49793479459154844)
(603, 7, 0.29295079341142427)
(604, 4, 0.25100038785325429)
(604, 5, 0.32176808216876485)
(604, 6, 0.32092455782262863)
(604, 9, 0.34406275160482547)
(604, 3, 0.31870347697109291)
(604, 1, 0.3277100707883398)
(604, 8, nan)
(604, 2, 0.24714815147912939)
(604, 7, 0.23418587407673341)
(605, 4, 0.25568289092192287)
(605, 5, 0.27477715489654131)
(605, 6, 0.26973809835189422)
(605, 9, 0.27479939322743663)
(605, 3, 0.28712393696454597)
(605, 1, 0.24454883832950514)
(605, 8, nan)
(605, 2, 0.25045940158541224)
(605, 7, 0.17535467308078667)
(606, 4, 0.061592995246738669)
(606, 5, 0.13605963275056454)
(606, 6, 0.13850196598501341)
(606, 9, 0.090800204322922018)
(606, 3, 0.10960967229205254)
(606, 1, 0.12466875594270876)
(606, 8, nan)
(606, 2, 0.062518786627257295)
(606, 7, 0.089750837372975734)
(607, 4, 0.16587192105662785)
(607, 5, 0.24257580263949574)
(607, 6, 0.27528251641286205)
(607, 9, 0.31008563830618474)
(607, 3, 0.29397969690574577)
(607, 1, 0.26466876851150545)
(607, 8, nan)
(607, 2, 0.15157453095675211)
(607, 7, 0.17762650950111358)
(608, 4, 0.29413054065563005)
(608, 5, 0.36212417633770899)
(608, 6, 0.41238060710450086)
(608, 9, 0.19525360429667915)
(608, 3, 0.34893499467650368)
(608, 1, 0.31642153456208844)
(608, 8, nan)
(608, 2, 0.31777070713735422)
(608, 7, 0.34426538628045422)
(609, 4, 0.24314931720500033)
(609, 5, 0.42597335234515521)
(609, 6, 0.40863534106161603)
(609, 9, 0.33139440734794245)
(609, 3, 0.36035483332973373)
(609, 1, 0.37178169352521417)
(609, 8, nan)
(609, 2, 0.25678888486175522)
(609, 7, 0.3073649512290193)
(611, 4, 0.45520086159550543)
(611, 5, 0.49380274084023656)
(611, 6, 0.47610731102652282)
(611, 9, 0.40898815304227432)
(611, 3, 0.48615214468553614)
(611, 1, 0.39238167470064766)
(611, 8, nan)
(611, 2, 0.41323708187291341)
(611, 7, 0.32615622910686093)
(612, 4, 0.21562806111090727)
(612, 5, 0.26076854429263663)
(612, 6, 0.2465532257081553)
(612, 9, 0.20895380900873572)
(612, 3, 0.27030063713219654)
(612, 1, 0.17151425869797554)
(612, 8, nan)
(612, 2, 0.20514442683788792)
(612, 7, 0.21591156127624522)
(613, 4, 0.23778917303164271)
(613, 5, 0.23580123628270944)
(613, 6, 0.22477357349601745)
(613, 9, 0.21721908865974526)
(613, 3, 0.26021821047760763)
(613, 1, 0.18433710676763781)
(613, 8, nan)
(613, 2, 0.20639281059104997)
(613, 7, 0.14960459469269671)
(614, 4, 0.39305869187383391)
(614, 5, 0.43802871940355526)
(614, 6, 0.43849306245722541)
(614, 9, 0.23913146994779633)
(614, 3, 0.42046499888077049)
(614, 1, 0.36108405023246171)
(614, 8, nan)
(614, 2, 0.40819494860496364)
(614, 7, 0.32004449221307962)
(617, 4, 0.060459201053174039)
(617, 5, 0.130903845528064)
(617, 6, 0.21487215560200745)
(617, 9, 0.056679789657372637)
(617, 3, 0.17926449672735911)
(617, 1, 0.097788450300144936)
(617, 8, nan)
(617, 2, 0.10277070832699098)
(617, 7, 0.3038286675829045)
(618, 4, 0.15125645009246469)
(618, 5, 0.24473702570438438)
(618, 6, 0.30695103680902935)
(618, 9, 0.30632797344010387)
(618, 3, 0.31293171869401448)
(618, 1, 0.23464712213250349)
(618, 8, nan)
(618, 2, 0.20073782887343217)
(618, 7, 0.37418959934454277)
(619, 4, 0.1933371437444098)
(619, 5, 0.32193497066630361)
(619, 6, 0.32882100513395418)
(619, 9, 0.19208990190249253)
(619, 3, 0.30180495407892693)
(619, 1, 0.2979937752411963)
(619, 8, nan)
(619, 2, 0.20754544372009787)
(619, 7, 0.37525270307236558)
(620, 4, 0.28902612591684118)
(620, 5, 0.29501078094460231)
(620, 6, 0.34706843137866961)
(620, 9, 0.27283834237897131)
(620, 3, 0.33710600055024842)
(620, 1, 0.24078455772776963)
(620, 8, nan)
(620, 2, 0.29015707711088812)
(620, 7, 0.32389368098282145)
(621, 4, 0.16347873169407334)
(621, 5, 0.23797310157518492)
(621, 6, 0.20253181337804316)
(621, 9, 0.24759196459977784)
(621, 3, 0.20741892083388802)
(621, 1, 0.1579450755578653)
(621, 8, nan)
(621, 2, 0.14032562265279724)
(621, 7, 0.14645100922745102)
(623, 4, 0.34773661579442661)
(623, 5, 0.35261525627770052)
(623, 6, 0.37389284126545319)
(623, 9, 0.25659813598950021)
(623, 3, 0.37703438990655269)
(623, 1, 0.32581077598713726)
(623, 8, nan)
(623, 2, 0.35891000149829921)
(623, 7, 0.2867116844007902)
(624, 4, 0.40515059722191782)
(624, 5, 0.40463456814262488)
(624, 6, 0.35275081801405195)
(624, 9, 0.34431794073502231)
(624, 3, 0.40299056648548481)
(624, 1, 0.24209580904313099)
(624, 8, nan)
(624, 2, 0.29479499059047443)
(624, 7, 0.27865967973816352)
(625, 4, 0.3359122407440488)
(625, 5, 0.32602833963174116)
(625, 6, 0.35519154056522351)
(625, 9, 0.31431185244741122)
(625, 3, 0.3742862470191286)
(625, 1, 0.3488139416578806)
(625, 8, nan)
(625, 2, 0.36432699445929551)
(625, 7, 0.31156083192197292)
(627, 4, 0.22860809330542931)
(627, 5, 0.27036084257072468)
(627, 6, 0.3639025947047172)
(627, 9, 0.17119489022364376)
(627, 3, 0.34044280972066387)
(627, 1, 0.29154992152350956)
(627, 8, nan)
(627, 2, 0.29273073079291678)
(627, 7, 0.43169157894885768)
(629, 4, 0.44340281335941234)
(629, 5, 0.41201910612523318)
(629, 6, 0.42610594645353106)
(629, 9, 0.34422645035256738)
(629, 3, 0.41717172095853783)
(629, 1, 0.36644983338148507)
(629, 8, nan)
(629, 2, 0.44176203019574078)
(629, 7, 0.28323524337944306)
(630, 4, 0.4300357197799457)
(630, 5, 0.43635767435980799)
(630, 6, 0.4110113068463237)
(630, 9, 0.35939876540860061)
(630, 3, 0.43511484171078108)
(630, 1, 0.36483860515359678)
(630, 8, nan)
(630, 2, 0.38966565353871996)
(630, 7, 0.27312555809136119)
(631, 4, 0.21666071451066449)
(631, 5, 0.28833941830946952)
(631, 6, 0.28597099055044151)
(631, 9, 0.15510775575320479)
(631, 3, 0.22882979279478)
(631, 1, 0.27433804492925695)
(631, 8, nan)
(631, 2, 0.23760040307826147)
(631, 7, 0.20279872208697303)
(632, 4, 0.38725915026237145)
(632, 5, 0.37560075437480245)
(632, 6, 0.37164629179284403)
(632, 9, 0.26991477353985283)
(632, 3, 0.38218294236078265)
(632, 1, 0.28989834184652519)
(632, 8, nan)
(632, 2, 0.35180482106657351)
(632, 7, 0.30277363255891998)
(633, 4, 0.19498449890840341)
(633, 5, 0.23883128540477738)
(633, 6, 0.24835518348244134)
(633, 9, 0.14540238851419707)
(633, 3, 0.23693755664324678)
(633, 1, 0.17282904032105262)
(633, 8, nan)
(633, 2, 0.1837365495710529)
(633, 7, 0.2242487375992257)
(634, 4, 0.25270111655916461)
(634, 5, 0.1820672767760716)
(634, 6, 0.17945082876584972)
(634, 9, 0.21758772667959181)
(634, 3, 0.21275007982126937)
(634, 1, 0.15149219032896877)
(634, 8, nan)
(634, 2, 0.21468813839662659)
(634, 7, 0.07494961656698218)
(635, 4, 0.34585874204743039)
(635, 5, 0.35281374059380255)
(635, 6, 0.33078657207577478)
(635, 9, 0.39804176312870743)
(635, 3, 0.33865293469115854)
(635, 1, 0.35377389283784622)
(635, 8, nan)
(635, 2, 0.32716971039580889)
(635, 7, 0.21073265906893635)
(636, 4, 0.28657545171679444)
(636, 5, 0.31287317376916801)
(636, 6, 0.30928951410858974)
(636, 9, 0.29336166101292116)
(636, 3, 0.31106713982245049)
(636, 1, 0.23265097117032163)
(636, 8, nan)
(636, 2, 0.25061317507459835)
(636, 7, 0.21379117608670795)
(637, 4, 0.20715626734058812)
(637, 5, 0.34459891150682542)
(637, 6, 0.31526508205670689)
(637, 9, 0.19787661323173644)
(637, 3, 0.26269034539944358)
(637, 1, 0.34227435025415542)
(637, 8, nan)
(637, 2, 0.23145661587294719)
(637, 7, 0.18718923181345015)
(638, 4, 0.25552458512149534)
(638, 5, 0.26913115135005095)
(638, 6, 0.30294853518072729)
(638, 9, 0.14908641658871513)
(638, 3, 0.29479668731489594)
(638, 1, 0.25845438532333553)
(638, 8, nan)
(638, 2, 0.26339054792149241)
(638, 7, 0.30413672866877961)
(639, 4, 0.36112130356056249)
(639, 5, 0.43177878829106198)
(639, 6, 0.36363379747046076)
(639, 9, 0.43122656732609566)
(639, 3, 0.389740878290183)
(639, 1, 0.31272878270777738)
(639, 8, nan)
(639, 2, 0.2357248517506928)
(639, 7, 0.24464857258849793)
(640, 4, 0.35101837034538597)
(640, 5, 0.472289738486251)
(640, 6, 0.47045574659512324)
(640, 9, 0.36201057802503622)
(640, 3, 0.43813596010227362)
(640, 1, 0.39511211971203974)
(640, 8, nan)
(640, 2, 0.36375192015551705)
(640, 7, 0.3561673052951303)
(642, 4, 0.30367510397182329)
(642, 5, 0.35210818127935972)
(642, 6, 0.3268220103559103)
(642, 9, 0.33799804035331604)
(642, 3, 0.3505658352417742)
(642, 1, 0.24189990610696044)
(642, 8, nan)
(642, 2, 0.25051214750332007)
(642, 7, 0.27794543873905808)
(643, 4, 0.11172437593609208)
(643, 5, 0.29696533694720162)
(643, 6, 0.25989537476012703)
(643, 9, 0.11992677628820658)
(643, 3, 0.20426087083466093)
(643, 1, 0.24594794888266125)
(643, 8, nan)
(643, 2, 0.1292280453307888)
(643, 7, 0.21341479575100097)
(644, 4, 0.27748570034352205)
(644, 5, 0.33572713283577404)
(644, 6, 0.30117218751013641)
(644, 9, 0.25090258759382711)
(644, 3, 0.31222081235617938)
(644, 1, 0.2713883864386849)
(644, 8, nan)
(644, 2, 0.28730255872481858)
(644, 7, 0.23489679390952367)
(645, 4, 0.26399136036703541)
(645, 5, 0.37343365222703184)
(645, 6, 0.38336701669167517)
(645, 9, 0.28164929683741424)
(645, 3, 0.34157414291263577)
(645, 1, 0.3417469701072362)
(645, 8, nan)
(645, 2, 0.26500349213966434)
(645, 7, 0.30665825100929411)
(646, 4, 0.35001941273660442)
(646, 5, 0.41376216014486178)
(646, 6, 0.41038667999174128)
(646, 9, 0.20542127929973519)
(646, 3, 0.35749862319398118)
(646, 1, 0.3966810703654795)
(646, 8, nan)
(646, 2, 0.37370874377630348)
(646, 7, 0.25066964239656397)
(647, 4, 0.17205763064324353)
(647, 5, 0.21114621032977043)
(647, 6, 0.24142657181437932)
(647, 9, 0.21765625104330799)
(647, 3, 0.25463364158703916)
(647, 1, 0.19174445223393277)
(647, 8, nan)
(647, 2, 0.17460264268197423)
(647, 7, 0.23308805540888289)
(648, 4, 0.30077251608653954)
(648, 5, 0.34904115693899818)
(648, 6, 0.3383449283809743)
(648, 9, 0.24437338103842654)
(648, 3, 0.34657479387886225)
(648, 1, 0.29469651059388058)
(648, 8, nan)
(648, 2, 0.31300370877763528)
(648, 7, 0.31711680507039719)
(650, 4, 0.44480212784725415)
(650, 5, 0.47484574230388299)
(650, 6, 0.42022975279507757)
(650, 9, 0.32178348494314857)
(650, 3, 0.42863141795589366)
(650, 1, 0.38308879423535958)
(650, 8, nan)
(650, 2, 0.41980289145803518)
(650, 7, 0.31970592296740752)
(652, 4, 0.25321829491224968)
(652, 5, 0.32040979329114294)
(652, 6, 0.29608309675681022)
(652, 9, 0.42102377895413756)
(652, 3, 0.34572617757553137)
(652, 1, 0.23711010783573805)
(652, 8, nan)
(652, 2, 0.25301700961808105)
(652, 7, 0.19181305883213517)
(653, 4, 0.31602743310741999)
(653, 5, 0.4374413657177324)
(653, 6, 0.42207458949809917)
(653, 9, 0.38164972733475411)
(653, 3, 0.38988844621194119)
(653, 1, 0.42629392019664691)
(653, 8, nan)
(653, 2, 0.31308360348782904)
(653, 7, 0.25246685792907386)
(654, 4, 0.26142218513415605)
(654, 5, 0.26039232597006334)
(654, 6, 0.21370780635686881)
(654, 9, 0.36314479120911924)
(654, 3, 0.28118579559222279)
(654, 1, 0.14217880789443271)
(654, 8, nan)
(654, 2, 0.17554674713101115)
(654, 7, 0.12037851605993943)
(655, 4, 0.25892863226967944)
(655, 5, 0.37265286077075066)
(655, 6, 0.40077761643478116)
(655, 9, 0.24273014745235133)
(655, 3, 0.35870749878553077)
(655, 1, 0.29883223821906535)
(655, 8, nan)
(655, 2, 0.28847614199481875)
(655, 7, 0.35200123952012041)
(656, 4, 0.25835661877440552)
(656, 5, 0.33525995673059961)
(656, 6, 0.30763673352090448)
(656, 9, 0.43016564025510151)
(656, 3, 0.32938845096155855)
(656, 1, 0.23272068287763592)
(656, 8, nan)
(656, 2, 0.26880225762370924)
(656, 7, 0.2758881742359468)
(657, 4, 0.33707159084851313)
(657, 5, 0.34126377596006097)
(657, 6, 0.35324306411353623)
(657, 9, 0.27527529098726355)
(657, 3, 0.36778761153946926)
(657, 1, 0.22300044024292387)
(657, 8, nan)
(657, 2, 0.29909108578881627)
(657, 7, 0.24789819263489099)
(660, 4, 0.091220530311929449)
(660, 5, 0.16719792085245855)
(660, 6, 0.12600392917372472)
(660, 9, 0.094449323688881592)
(660, 3, 0.10584332007458097)
(660, 1, 0.1315600160898367)
(660, 8, nan)
(660, 2, 0.069253166163201763)
(660, 7, 0.081243081164012798)
(661, 4, 0.30668814139097889)
(661, 5, 0.3328290833024663)
(661, 6, 0.31755817328844183)
(661, 9, 0.34761545636555757)
(661, 3, 0.32434102169186874)
(661, 1, 0.27001338625079629)
(661, 8, nan)
(661, 2, 0.30162282307526822)
(661, 7, 0.22944767442920411)
(663, 4, 0.33894565871959703)
(663, 5, 0.37063035404448019)
(663, 6, 0.39180637381432581)
(663, 9, 0.2868844365543749)
(663, 3, 0.35229812128390248)
(663, 1, 0.30873254523458837)
(663, 8, nan)
(663, 2, 0.3377603785693063)
(663, 7, 0.2815799434839048)
(664, 4, 0.22266901375954207)
(664, 5, 0.28441458680239617)
(664, 6, 0.23364543027960005)
(664, 9, 0.22548846671580947)
(664, 3, 0.24018921020920159)
(664, 1, 0.21932390053877959)
(664, 8, nan)
(664, 2, 0.1992676955362197)
(664, 7, 0.12789857361509194)
(665, 4, 0.26854421674343665)
(665, 5, 0.32500246491426155)
(665, 6, 0.31263891655502996)
(665, 9, 0.25345674682787656)
(665, 3, 0.31236675198621566)
(665, 1, 0.27592048902210498)
(665, 8, nan)
(665, 2, 0.24810998326141398)
(665, 7, 0.28743867872067086)
(666, 4, 0.20794027746397115)
(666, 5, 0.30785049041857193)
(666, 6, 0.30999334556694136)
(666, 9, 0.18690020913225724)
(666, 3, 0.277032677270306)
(666, 1, 0.26734865250990369)
(666, 8, nan)
(666, 2, 0.20668948979306123)
(666, 7, 0.29983657120971952)
(667, 4, 0.30737070227353103)
(667, 5, 0.3511385554358093)
(667, 6, 0.35058256006858612)
(667, 9, 0.22766507283111215)
(667, 3, 0.3585036074875565)
(667, 1, 0.35868126357620478)
(667, 8, nan)
(667, 2, 0.31483551094308182)
(667, 7, 0.26075873093001545)
(668, 4, 0.29437415192080785)
(668, 5, 0.42607936853693662)
(668, 6, 0.40940911241572753)
(668, 9, 0.4768776637346881)
(668, 3, 0.41391749375608156)
(668, 1, 0.32908226944950281)
(668, 8, nan)
(668, 2, 0.27229702214823015)
(668, 7, 0.33600656416025143)
(669, 4, 0.21131516853422494)
(669, 5, 0.3109051819753248)
(669, 6, 0.31355966836210603)
(669, 9, 0.21161578028323436)
(669, 3, 0.28948948955411613)
(669, 1, 0.31225774801513384)
(669, 8, nan)
(669, 2, 0.20213867311768519)
(669, 7, 0.24774430942446224)
(671, 4, 0.29394751332400704)
(671, 5, 0.42250624382345836)
(671, 6, 0.39252317410778259)
(671, 9, 0.32103443574157564)
(671, 3, 0.37408860619844608)
(671, 1, 0.39542923905317573)
(671, 8, nan)
(671, 2, 0.28997675390411159)
(671, 7, 0.28029346496066543)
(673, 4, 0.24861953722382724)
(673, 5, 0.27137890867729109)
(673, 6, 0.32157423622555192)
(673, 9, 0.27165844002210915)
(673, 3, 0.34502265718033875)
(673, 1, 0.20442752854023938)
(673, 8, nan)
(673, 2, 0.22953579839773541)
(673, 7, 0.29976317478294279)
(675, 4, 0.25760900671180009)
(675, 5, 0.316629301986599)
(675, 6, 0.3047525202161343)
(675, 9, 0.2861280690118102)
(675, 3, 0.29096705949226442)
(675, 1, 0.27009147744864181)
(675, 8, nan)
(675, 2, 0.22849062091752481)
(675, 7, 0.24300988481050856)
(676, 4, 0.13060450801503065)
(676, 5, 0.28640754937818924)
(676, 6, 0.26025874580127906)
(676, 9, 0.22068928444698699)
(676, 3, 0.24529956498309824)
(676, 1, 0.30454957848844222)
(676, 8, nan)
(676, 2, 0.13478752445067965)
(676, 7, 0.16109735504011968)
(677, 4, 0.33593041248561306)
(677, 5, 0.45867962992323563)
(677, 6, 0.4603405766874773)
(677, 9, 0.15444079738085714)
(677, 3, 0.3186024658449409)
(677, 1, 0.49440771999584898)
(677, 8, nan)
(677, 2, 0.37781680980883703)
(677, 7, 0.28494990517168883)
(678, 4, 0.35954507116506351)
(678, 5, 0.4705711010456175)
(678, 6, 0.43756304239404853)
(678, 9, 0.36178181056470238)
(678, 3, 0.43011296386001407)
(678, 1, 0.41532440777717095)
(678, 8, nan)
(678, 2, 0.34926427673831029)
(678, 7, 0.40650432308765394)
(679, 4, 0.26173981746869823)
(679, 5, 0.41987369241196881)
(679, 6, 0.40201344009397899)
(679, 9, 0.23556414312221152)
(679, 3, 0.35062552490572507)
(679, 1, 0.31274859932193744)
(679, 8, nan)
(679, 2, 0.25912575400889937)
(679, 7, 0.29709653681745385)
(681, 4, 0.23187851822060856)
(681, 5, 0.27613821926007054)
(681, 6, 0.30221812860025099)
(681, 9, 0.1672035848289114)
(681, 3, 0.28023918099024447)
(681, 1, 0.26057303278974508)
(681, 8, nan)
(681, 2, 0.24720260502631053)
(681, 7, 0.27061157072685038)
(682, 4, 0.31441935277631994)
(682, 5, 0.3556620835432498)
(682, 6, 0.30416947583847276)
(682, 9, 0.37608778024577105)
(682, 3, 0.3455253222675414)
(682, 1, 0.25630807573593795)
(682, 8, nan)
(682, 2, 0.25096116192752804)
(682, 7, 0.22870060865856534)
(685, 4, 0.29236964601588422)
(685, 5, 0.3426884938493715)
(685, 6, 0.34524670005765823)
(685, 9, 0.21263796740340135)
(685, 3, 0.36568338915687215)
(685, 1, 0.25185261469965692)
(685, 8, nan)
(685, 2, 0.27711945274609862)
(685, 7, 0.35586721379215169)
(686, 4, 0.35461931037921068)
(686, 5, 0.45076760657990556)
(686, 6, 0.44496898601841228)
(686, 9, 0.30196571229366498)
(686, 3, 0.41402178284499358)
(686, 1, 0.37029243298167169)
(686, 8, nan)
(686, 2, 0.3235584438563035)
(686, 7, 0.37557672111053275)
(687, 4, 0.26617755309761715)
(687, 5, 0.27740331759156245)
(687, 6, 0.26483943127878096)
(687, 9, 0.30053966791362918)
(687, 3, 0.29435787298115157)
(687, 1, 0.24478886766593555)
(687, 8, nan)
(687, 2, 0.28242866638585129)
(687, 7, 0.27027506353660635)
(688, 4, 0.29845672838145754)
(688, 5, 0.41107045157185795)
(688, 6, 0.39166327912659815)
(688, 9, 0.33248727614863571)
(688, 3, 0.36650718198617049)
(688, 1, 0.30488503622299679)
(688, 8, nan)
(688, 2, 0.26502789504179747)
(688, 7, 0.27305641923308799)
(689, 4, 0.19282676517387132)
(689, 5, 0.25951851731823394)
(689, 6, 0.25233663341835699)
(689, 9, 0.23427451272955291)
(689, 3, 0.25948631634244046)
(689, 1, 0.19603103782870335)
(689, 8, nan)
(689, 2, 0.18580593022278236)
(689, 7, 0.20600418579247859)
(690, 4, 0.24690271320785651)
(690, 5, 0.30137001212625814)
(690, 6, 0.33954644480086049)
(690, 9, 0.33965203793799426)
(690, 3, 0.36981659123389088)
(690, 1, 0.25514689652678857)
(690, 8, nan)
(690, 2, 0.26193820224600461)
(690, 7, 0.34306437838352966)
(691, 4, 0.30220500192681243)
(691, 5, 0.44927867498125396)
(691, 6, 0.45734572165920917)
(691, 9, 0.29191006776122685)
(691, 3, 0.42593782343188979)
(691, 1, 0.35250955019836083)
(691, 8, nan)
(691, 2, 0.3157453882111152)
(691, 7, 0.42374244157370133)
(692, 4, 0.39106217958147993)
(692, 5, 0.42737640560800239)
(692, 6, 0.40795917626667455)
(692, 9, 0.28807175253083495)
(692, 3, 0.40823659184997962)
(692, 1, 0.34847284415506574)
(692, 8, nan)
(692, 2, 0.363887212998381)
(692, 7, 0.30580020825151488)
(694, 4, 0.24655151274251175)
(694, 5, 0.32592407635641596)
(694, 6, 0.30480660914677471)
(694, 9, 0.41598478710744835)
(694, 3, 0.34393140368892527)
(694, 1, 0.23961501166534938)
(694, 8, nan)
(694, 2, 0.26599652832569132)
(694, 7, 0.2818970537446881)
(695, 4, 0.22318061086011154)
(695, 5, 0.31037970356217071)
(695, 6, 0.34601077181216122)
(695, 9, 0.21432583288018714)
(695, 3, 0.30768783185280912)
(695, 1, 0.27147349379898644)
(695, 8, nan)
(695, 2, 0.23976293593567966)
(695, 7, 0.31239916579847549)
(696, 4, 0.20839231869519592)
(696, 5, 0.28852564473939846)
(696, 6, 0.25376815453005663)
(696, 9, 0.33510800676468722)
(696, 3, 0.27102359900043238)
(696, 1, 0.23460703932922855)
(696, 8, nan)
(696, 2, 0.22086403901584772)
(696, 7, 0.18356182676159005)
(697, 4, 0.34773024463971369)
(697, 5, 0.48605852910440794)
(697, 6, 0.50264577998444071)
(697, 9, 0.26225180380202151)
(697, 3, 0.45495110789948146)
(697, 1, 0.43516949759955459)
(697, 8, nan)
(697, 2, 0.33486180710427171)
(697, 7, 0.55944564401168106)
(698, 4, 0.24618116245617205)
(698, 5, 0.27138046200769605)
(698, 6, 0.23279726899628561)
(698, 9, 0.30152373280975098)
(698, 3, 0.28295288065745505)
(698, 1, 0.15635046625308324)
(698, 8, nan)
(698, 2, 0.18669473892022903)
(698, 7, 0.23594714488110646)
(699, 4, 0.28166509236884141)
(699, 5, 0.43469841781293428)
(699, 6, 0.37339087254927117)
(699, 9, 0.20496923438703929)
(699, 3, 0.30494077644093354)
(699, 1, 0.36109445721105948)
(699, 8, nan)
(699, 2, 0.26624446339948427)
(699, 7, 0.22078733952482721)
(701, 4, 0.29744852887584095)
(701, 5, 0.3824112404231772)
(701, 6, 0.39152748199513376)
(701, 9, 0.27841874777828368)
(701, 3, 0.41953593259502087)
(701, 1, 0.31140590547894909)
(701, 8, nan)
(701, 2, 0.3229630382956169)
(701, 7, 0.42358370342432927)
(702, 4, 0.29370871513151409)
(702, 5, 0.36386401495706178)
(702, 6, 0.34781549560868574)
(702, 9, 0.26325506449008018)
(702, 3, 0.33563594701020594)
(702, 1, 0.34132807413548982)
(702, 8, nan)
(702, 2, 0.29630094588615874)
(702, 7, 0.30108012365250203)
(704, 4, 0.29956886430162999)
(704, 5, 0.39514209107829146)
(704, 6, 0.32503669093718313)
(704, 9, 0.34625130264070947)
(704, 3, 0.38281067958311166)
(704, 1, 0.2565985818064449)
(704, 8, nan)
(704, 2, 0.23797990327762575)
(704, 7, 0.28573224759639959)
(708, 4, 0.35394617606799716)
(708, 5, 0.44063834484857012)
(708, 6, 0.47234950923195074)
(708, 9, 0.35699200264710618)
(708, 3, 0.48007399620873425)
(708, 1, 0.3954587825807272)
(708, 8, nan)
(708, 2, 0.37120897231506111)
(708, 7, 0.44388141739907572)
(710, 4, 0.22169249909010902)
(710, 5, 0.36097957562574745)
(710, 6, 0.33437234326476029)
(710, 9, 0.28376090316668046)
(710, 3, 0.33363705124246679)
(710, 1, 0.2502533045747285)
(710, 8, nan)
(710, 2, 0.20377847588109421)
(710, 7, 0.25088617493681142)
(711, 4, 0.27716856827995551)
(711, 5, 0.34890603480334725)
(711, 6, 0.31730707641783273)
(711, 9, 0.28506118566045857)
(711, 3, 0.34385893630746811)
(711, 1, 0.26737132796329943)
(711, 8, nan)
(711, 2, 0.24860187602950357)
(711, 7, 0.31290622251227074)
(712, 4, 0.30194345182253168)
(712, 5, 0.33356774860457372)
(712, 6, 0.32004670872763796)
(712, 9, 0.35489638847709959)
(712, 3, 0.33195492761423995)
(712, 1, 0.276644572504956)
(712, 8, nan)
(712, 2, 0.30707811035123656)
(712, 7, 0.24976001433569905)
(713, 4, 0.15688381252975847)
(713, 5, 0.23106372859853397)
(713, 6, 0.1962306017729899)
(713, 9, 0.23061778188958382)
(713, 3, 0.18463810708703521)
(713, 1, 0.15949214188295369)
(713, 8, nan)
(713, 2, 0.11877831079935941)
(713, 7, 0.093851494573633398)
(714, 4, 0.3470822994897067)
(714, 5, 0.3761442522906131)
(714, 6, 0.37298460106308062)
(714, 9, 0.31462902248876312)
(714, 3, 0.37568215668449279)
(714, 1, 0.3200301262866464)
(714, 8, nan)
(714, 2, 0.32685496264188041)
(714, 7, 0.28443502148389466)
(715, 4, 0.38154805684298587)
(715, 5, 0.38749253865611388)
(715, 6, 0.39787109446915569)
(715, 9, 0.25298942987438866)
(715, 3, 0.36901595299061607)
(715, 1, 0.36206473304075182)
(715, 8, nan)
(715, 2, 0.3855343484383742)
(715, 7, 0.27960095464754897)
(716, 4, 0.23578357782536241)
(716, 5, 0.3678749483173358)
(716, 6, 0.36104567327588355)
(716, 9, 0.33376966162548483)
(716, 3, 0.33570067570802087)
(716, 1, 0.32780076182230755)
(716, 8, nan)
(716, 2, 0.20938481909325246)
(716, 7, 0.3002287167525004)
(717, 4, 0.16751168464858213)
(717, 5, 0.33678002195647672)
(717, 6, 0.32929578873457133)
(717, 9, 0.22415865403896107)
(717, 3, 0.30935788511635764)
(717, 1, 0.34755397544790456)
(717, 8, nan)
(717, 2, 0.17973900644610397)
(717, 7, 0.31422143555603643)
(718, 4, 0.21493678243077119)
(718, 5, 0.21262525538255062)
(718, 6, 0.23277525526094145)
(718, 9, 0.22610603080441105)
(718, 3, 0.24338853986323217)
(718, 1, 0.13289271355658916)
(718, 8, nan)
(718, 2, 0.17993664713786905)
(718, 7, 0.17815302673005651)
(719, 4, 0.22748309515151455)
(719, 5, 0.33872773505279996)
(719, 6, 0.37334656373773645)
(719, 9, 0.25201407947654308)
(719, 3, 0.34743346906078332)
(719, 1, 0.29351033952402084)
(719, 8, nan)
(719, 2, 0.23760968402028959)
(719, 7, 0.35529129186928166)
(720, 4, 0.19704196491225379)
(720, 5, 0.37998706632538104)
(720, 6, 0.30381921079825192)
(720, 9, 0.25727448475947634)
(720, 3, 0.285420745152279)
(720, 1, 0.31572357642861515)
(720, 8, nan)
(720, 2, 0.16454618859406667)
