(149, 2, 0.26274775647996917)
(149, 7, 0.36814228674382332)
(150, 4, 0.23057852218116037)
(150, 5, 0.29750295116607761)
(150, 6, 0.2640442841929771)
(150, 9, 0.38677860058212654)
(150, 3, 0.30064812417456843)
(150, 1, 0.20863895103308461)
(150, 8, nan)
(150, 2, 0.24098073680039778)
(150, 7, 0.21865917237894905)
(151, 4, 0.4248940134888195)
(151, 5, 0.47521882517477065)
(151, 6, 0.45029314942469567)
(151, 9, 0.26169441072271793)
(151, 3, 0.41957949739324563)
(151, 1, 0.414578332093678)
(151, 8, nan)
(151, 2, 0.43141148852490541)
(151, 7, 0.31851091695647549)
(152, 4, 0.31745051222499354)
(152, 5, 0.46647105980904868)
(152, 6, 0.42822232425226359)
(152, 9, 0.37355750994388304)
(152, 3, 0.43680301974619185)
(152, 1, 0.34101966077477797)
(152, 8, nan)
(152, 2, 0.28464054344949008)
(152, 7, 0.33626360165011804)
(153, 4, 0.21726608616645704)
(153, 5, 0.29030673288271469)
(153, 6, 0.32263510208183854)
(153, 9, 0.23942743303265646)
(153, 3, 0.28416924449607195)
(153, 1, 0.26483272442876815)
(153, 8, nan)
(153, 2, 0.22716970090516964)
(153, 7, 0.25874064668425278)
(154, 4, 0.16024331295183969)
(154, 5, 0.16138328425093063)
(154, 6, 0.18485971623020148)
(154, 9, 0.051452747901501894)
(154, 3, 0.17340557722721073)
(154, 1, 0.17638121174236709)
(154, 8, nan)
(154, 2, 0.1805692711528073)
(154, 7, 0.21653199156284397)
(155, 4, 0.28304254824315433)
(155, 5, 0.31904898413382532)
(155, 6, 0.24769808819483263)
(155, 9, 0.47381787421580612)
(155, 3, 0.33096045686251274)
(155, 1, 0.17991234600512696)
(155, 8, nan)
(155, 2, 0.24500026086838145)
(155, 7, 0.21502964575098671)
(156, 4, 0.27109101684274406)
(156, 5, 0.2549609661967176)
(156, 6, 0.26444509277063388)
(156, 9, 0.22829440409036705)
(156, 3, 0.23524277781831371)
(156, 1, 0.27534338856013474)
(156, 8, nan)
(156, 2, 0.24801288228242746)
(156, 7, 0.10112107831984452)
(157, 4, 0.27727659659220982)
(157, 5, 0.29662844774049091)
(157, 6, 0.30028770840829178)
(157, 9, 0.15850402256992357)
(157, 3, 0.29946001075266593)
(157, 1, 0.28364580836764319)
(157, 8, nan)
(157, 2, 0.30033976004205887)
(157, 7, 0.26253635251381202)
(160, 4, 0.29867288409739612)
(160, 5, 0.29489601221547634)
(160, 6, 0.31046905577446715)
(160, 9, 0.25136498676126851)
(160, 3, 0.29948949872590536)
(160, 1, 0.29965212937905106)
(160, 8, nan)
(160, 2, 0.33611905604811088)
(160, 7, 0.22628232192715114)
(161, 4, 0.2357728164098325)
(161, 5, 0.30658238562685569)
(161, 6, 0.30296212407009904)
(161, 9, 0.31794245867892301)
(161, 3, 0.37293155124850585)
(161, 1, 0.26823075315514511)
(161, 8, nan)
(161, 2, 0.21744696479121073)
(161, 7, 0.22671072048534424)
(162, 4, 0.21911048890391194)
(162, 5, 0.30845007675458525)
(162, 6, 0.29937288575117682)
(162, 9, 0.19456876440648796)
(162, 3, 0.30243552718541644)
(162, 1, 0.2485490424386485)
(162, 8, nan)
(162, 2, 0.21052856011462295)
(162, 7, 0.22306081725445015)
(163, 4, 0.28776717496786719)
(163, 5, 0.32603886011405447)
(163, 6, 0.32142192667859337)
(163, 9, 0.23084635377413787)
(163, 3, 0.34925279111348728)
(163, 1, 0.23896797053485064)
(163, 8, nan)
(163, 2, 0.27347446104320483)
(163, 7, 0.2808489550181974)
(164, 4, 0.24947359799901681)
(164, 5, 0.32335404812818591)
(164, 6, 0.31425293167700152)
(164, 9, 0.25019956702097401)
(164, 3, 0.32548420150782453)
(164, 1, 0.27105313925021135)
(164, 8, nan)
(164, 2, 0.22417479492270842)
(164, 7, 0.29891195612116372)
(165, 4, 0.41769184658804104)
(165, 5, 0.43090645128346727)
(165, 6, 0.44004723450764893)
(165, 9, 0.19522252588136846)
(165, 3, 0.37983021157757757)
(165, 1, 0.46230187754874574)
(165, 8, nan)
(165, 2, 0.43428490627247873)
(165, 7, 0.28593000093403143)
(166, 4, 0.30293388844638347)
(166, 5, 0.37279818538885245)
(166, 6, 0.35517807550966252)
(166, 9, 0.39154511942188797)
(166, 3, 0.36601186661383034)
(166, 1, 0.31057131834191276)
(166, 8, nan)
(166, 2, 0.32360048042301326)
(166, 7, 0.31556379642762633)
(167, 4, 0.18774742392638877)
(167, 5, 0.22670514171938005)
(167, 6, 0.19149889135517506)
(167, 9, 0.20261515462879165)
(167, 3, 0.16903354238321899)
(167, 1, 0.18839024439109819)
(167, 8, nan)
(167, 2, 0.17789358880909312)
(167, 7, 0.10942639941359755)
(169, 4, 0.29436733134210569)
(169, 5, 0.36764855502720239)
(169, 6, 0.3687880834051811)
(169, 9, 0.3234685437709921)
(169, 3, 0.36257126730555433)
(169, 1, 0.28640978467398004)
(169, 8, nan)
(169, 2, 0.27396131533398949)
(169, 7, 0.27966123672865217)
(170, 4, 0.33611733340400118)
(170, 5, 0.4775552088474978)
(170, 6, 0.49565289330565643)
(170, 9, 0.42581857030181103)
(170, 3, 0.50600060664289226)
(170, 1, 0.46877940647916905)
(170, 8, nan)
(170, 2, 0.3489911177459144)
(170, 7, 0.4531455351064827)
(171, 4, 0.29673058558551135)
(171, 5, 0.37096901989046605)
(171, 6, 0.35063779250763849)
(171, 9, 0.29732527410674847)
(171, 3, 0.33191700222803333)
(171, 1, 0.27822933793001137)
(171, 8, nan)
(171, 2, 0.25227250707471427)
(171, 7, 0.2457081294351583)
(172, 4, 0.28270512130944303)
(172, 5, 0.26562928023530652)
(172, 6, 0.22046167971826836)
(172, 9, 0.29145569785852343)
(172, 3, 0.25762105760791909)
(172, 1, 0.16836087068606964)
(172, 8, nan)
(172, 2, 0.19056832660039102)
(172, 7, 0.12425920001514124)
(173, 4, 0.32065116487281631)
(173, 5, 0.36173820406599866)
(173, 6, 0.37876946719828808)
(173, 9, 0.26880491235074944)
(173, 3, 0.36325993438350623)
(173, 1, 0.35554718979354605)
(173, 8, nan)
(173, 2, 0.3301168517375912)
(173, 7, 0.25132174210255132)
(174, 4, 0.2464174239875857)
(174, 5, 0.31579122051166031)
(174, 6, 0.28973246970281763)
(174, 9, 0.35652188113512628)
(174, 3, 0.33456166423925437)
(174, 1, 0.22206284643845697)
(174, 8, nan)
(174, 2, 0.25114985461246908)
(174, 7, 0.25476949541458027)
(177, 4, 0.36325852753955723)
(177, 5, 0.39367495095671967)
(177, 6, 0.39036804001905601)
(177, 9, 0.32929272278797916)
(177, 3, 0.39319131877579738)
(177, 1, 0.33494555214744792)
(177, 8, nan)
(177, 2, 0.34208846899669576)
(177, 7, 0.2976914905681789)
(178, 4, 0.33741604342641485)
(178, 5, 0.4607081114920446)
(178, 6, 0.46237640368799537)
(178, 9, 0.15512380201093334)
(178, 3, 0.32001146504085398)
(178, 1, 0.49659420677673416)
(178, 8, nan)
(178, 2, 0.37948768068490302)
(178, 7, 0.28621007805264131)
(179, 4, 0.20721978723666834)
(179, 5, 0.27195453085747245)
(179, 6, 0.31154621765651602)
(179, 9, 0.13239088044227065)
(179, 3, 0.30766096213622052)
(179, 1, 0.24573158149283081)
(179, 8, nan)
(179, 2, 0.24567182589706249)
(179, 7, 0.44732228283977793)
(180, 4, 0.24101015232630951)
(180, 5, 0.27914998604371422)
(180, 6, 0.26682746424346249)
(180, 9, 0.21139614888384362)
(180, 3, 0.27236110722642959)
(180, 1, 0.21133576733448201)
(180, 8, nan)
(180, 2, 0.21266005773045327)
(180, 7, 0.25220923243572191)
(182, 4, 0.29806556035790355)
(182, 5, 0.32748939085665296)
(182, 6, 0.32778269344310007)
(182, 9, 0.23404490962459668)
(182, 3, 0.32155049153310045)
(182, 1, 0.23999872931558064)
(182, 8, nan)
(182, 2, 0.2789949227075299)
(182, 7, 0.28229175368995463)
(184, 4, 0.30573011114291071)
(184, 5, 0.29326004278204898)
(184, 6, 0.30742104639381529)
(184, 9, 0.17053088332192146)
(184, 3, 0.26276055584612212)
(184, 1, 0.28918133782419364)
(184, 8, nan)
(184, 2, 0.32631141935074703)
(184, 7, 0.18070528440030564)
(186, 4, 0.20602877439659506)
(186, 5, 0.27758003758272831)
(186, 6, 0.24927661528038714)
(186, 9, 0.19042933008408114)
(186, 3, 0.2629282562274472)
(186, 1, 0.16849551695984166)
(186, 8, nan)
(186, 2, 0.18145083063790157)
(186, 7, 0.19983839977544293)
(187, 4, 0.34968437369385352)
(187, 5, 0.39514534142213575)
(187, 6, 0.39260245620820755)
(187, 9, 0.24798724502791614)
(187, 3, 0.38761965507818985)
(187, 1, 0.31745962228661995)
(187, 8, nan)
(187, 2, 0.33099314200627905)
(187, 7, 0.39685530521863677)
(188, 4, 0.29966465536828679)
(188, 5, 0.38298406359152581)
(188, 6, 0.33999359208263025)
(188, 9, 0.41533247790348349)
(188, 3, 0.36125650465981218)
(188, 1, 0.27869364210487335)
(188, 8, nan)
(188, 2, 0.28930900626544553)
(188, 7, 0.23166170642573081)
(189, 4, 0.23297105722271283)
(189, 5, 0.31701742804512478)
(189, 6, 0.31705421035577419)
(189, 9, 0.21721291242013485)
(189, 3, 0.33709318835585511)
(189, 1, 0.29229653837398706)
(189, 8, nan)
(189, 2, 0.24021668503843951)
(189, 7, 0.24416130044566808)
(190, 4, 0.25139599056878015)
(190, 5, 0.36636653420602594)
(190, 6, 0.34280033904459395)
(190, 9, 0.27652691555838071)
(190, 3, 0.41792304592046192)
(190, 1, 0.25813278734866407)
(190, 8, nan)
(190, 2, 0.23106927739846017)
(190, 7, 0.34287308736034738)
(193, 4, 0.21455585913709496)
(193, 5, 0.2756385327501758)
(193, 6, 0.29078423199075454)
(193, 9, 0.18598579296199358)
(193, 3, 0.26979481996873433)
(193, 1, 0.23636173213556577)
(193, 8, nan)
(193, 2, 0.23868329152568069)
(193, 7, 0.26496105403416648)
(194, 4, 0.34525456459285997)
(194, 5, 0.37548987333829431)
(194, 6, 0.40314123998605944)
(194, 9, 0.28939072957367462)
(194, 3, 0.41608777230368377)
(194, 1, 0.32715131710111534)
(194, 8, nan)
(194, 2, 0.3372159050682817)
(194, 7, 0.30489220759063551)
(195, 4, 0.25819847148516262)
(195, 5, 0.31991632623573651)
(195, 6, 0.30553262816467641)
(195, 9, 0.26751329463637896)
(195, 3, 0.30882876073893861)
(195, 1, 0.25782855294177498)
(195, 8, nan)
(195, 2, 0.23454153241822484)
(195, 7, 0.26689206930076304)
(196, 4, 0.53277544756060136)
(196, 5, 0.4978077935893217)
(196, 6, 0.50654395545613795)
(196, 9, 0.21367794520534389)
(196, 3, 0.44830106072574427)
(196, 1, 0.52634850764948304)
(196, 8, nan)
(196, 2, 0.58188395090514755)
(196, 7, 0.28041449971203036)
(197, 4, 0.32062876537946061)
(197, 5, 0.34710399837171635)
(197, 6, 0.30713475327045492)
(197, 9, 0.47772624043996303)
(197, 3, 0.34160788374708129)
(197, 1, 0.30676104372075597)
(197, 8, nan)
(197, 2, 0.35452504746536473)
(197, 7, 0.23407882531102531)
(198, 4, 0.27007858828303744)
(198, 5, 0.40761992629783494)
(198, 6, 0.42511440797788491)
(198, 9, 0.27193746002032082)
(198, 3, 0.35615150373799964)
(198, 1, 0.37885674486276399)
(198, 8, nan)
(198, 2, 0.31266980884797246)
(198, 7, 0.35948235516870419)
(199, 4, 0.33291594868864571)
(199, 5, 0.38269777507948688)
(199, 6, 0.35319538632295944)
(199, 9, 0.36739627877839987)
(199, 3, 0.37922692702351468)
(199, 1, 0.27491037299488763)
(199, 8, nan)
(199, 2, 0.29732850212699624)
(199, 7, 0.24852423039848826)
(201, 4, 0.31570714543699419)
(201, 5, 0.31978608928240582)
(201, 6, 0.30139754399145535)
(201, 9, 0.27623372786639222)
(201, 3, 0.30178936646422949)
(201, 1, 0.26328024016240947)
(201, 8, nan)
(201, 2, 0.29671192126478008)
(201, 7, 0.15047583392077402)
(202, 4, 0.14988921145614886)
(202, 5, 0.26101645453019373)
(202, 6, 0.29824306535726952)
(202, 9, 0.23919072744828673)
(202, 3, 0.29636375983714591)
(202, 1, 0.20198730171571588)
(202, 8, nan)
(202, 2, 0.18063613708335002)
(202, 7, 0.31215590194717335)
(205, 4, 0.32903672691998964)
(205, 5, 0.39944646728226152)
(205, 6, 0.37951142061037535)
(205, 9, 0.55270762628926362)
(205, 3, 0.4511047313210812)
(205, 1, 0.32798838761004934)
(205, 8, nan)
(205, 2, 0.34471947627980737)
(205, 7, 0.26270568872016109)
(206, 4, 0.27823447475159979)
(206, 5, 0.2997916977410362)
(206, 6, 0.257735383404194)
(206, 9, 0.30512817425127059)
(206, 3, 0.29730957721614149)
(206, 1, 0.18637002811011605)
(206, 8, nan)
(206, 2, 0.21535371743018061)
(206, 7, 0.21575455145453404)
(207, 4, 0.3151625641181659)
(207, 5, 0.37079468668332627)
(207, 6, 0.34747512541375791)
(207, 9, 0.30629053695751773)
(207, 3, 0.35225447178119629)
(207, 1, 0.29706851615812035)
(207, 8, nan)
(207, 2, 0.3029181280234241)
(207, 7, 0.28233318640447735)
(208, 4, 0.25842434425781635)
(208, 5, 0.31246036409063627)
(208, 6, 0.27609669230632705)
(208, 9, 0.25385503259949804)
(208, 3, 0.29717736588844712)
(208, 1, 0.21855566225869771)
(208, 8, nan)
(208, 2, 0.24295943330226522)
(208, 7, 0.24907646155860141)
(209, 4, 0.19146584835144731)
(209, 5, 0.23880780206834595)
(209, 6, 0.27327165385903029)
(209, 9, 0.19644795664480386)
(209, 3, 0.24406618814951597)
(209, 1, 0.28809434962830016)
(209, 8, nan)
(209, 2, 0.20285865705386752)
(209, 7, 0.17072776724397065)
(211, 4, 0.19375771822451782)
(211, 5, 0.28994541165935572)
(211, 6, 0.23004277548329144)
(211, 9, 0.25148447528401041)
(211, 3, 0.25089205332481945)
(211, 1, 0.18920233141841691)
(211, 8, nan)
(211, 2, 0.16637201096624099)
(211, 7, 0.18394088507304351)
(212, 4, 0.15983868316876304)
(212, 5, 0.17470995202132389)
(212, 6, 0.16962881018944553)
(212, 9, 0.090034149964282828)
(212, 3, 0.15680970530636673)
(212, 1, 0.15149023671851714)
(212, 8, nan)
(212, 2, 0.15631094357059716)
(212, 7, 0.12886255413584724)
(213, 4, 0.24534580026963204)
(213, 5, 0.43134932347891231)
(213, 6, 0.42195289397922608)
(213, 9, 0.26992263694869389)
(213, 3, 0.37051151607749233)
(213, 1, 0.35905192243239437)
(213, 8, nan)
(213, 2, 0.26729525990333602)
(213, 7, 0.37574532170224195)
(214, 4, 0.31163441672998504)
(214, 5, 0.37492677971279997)
(214, 6, 0.3319713015563448)
(214, 9, 0.46478468973136022)
(214, 3, 0.38640667824360608)
(214, 1, 0.27610670440449525)
(214, 8, nan)
(214, 2, 0.33271752362760854)
(214, 7, 0.32992063740562028)
(215, 4, 0.44049000909596003)
(215, 5, 0.40713903495891013)
(215, 6, 0.42492451762208916)
(215, 9, 0.31313060966451467)
(215, 3, 0.44615676825806816)
(215, 1, 0.3352539365608842)
(215, 8, nan)
(215, 2, 0.40225581515518993)
(215, 7, 0.31403297906054206)
(216, 4, 0.28209423462572736)
(216, 5, 0.31998157374440606)
(216, 6, 0.29564109443188202)
(216, 9, 0.40422899775150944)
(216, 3, 0.31990054300770021)
(216, 1, 0.25603805419838255)
(216, 8, nan)
(216, 2, 0.28836167722451411)
(216, 7, 0.21329059877732559)
(217, 4, 0.22266901375954207)
(217, 5, 0.28441458680239617)
(217, 6, 0.23364543027960005)
(217, 9, 0.22548846671580947)
(217, 3, 0.24018921020920159)
(217, 1, 0.21932390053877959)
(217, 8, nan)
(217, 2, 0.1992676955362197)
(217, 7, 0.12789857361509194)
(218, 4, 0.22478193601213259)
(218, 5, 0.26384181969508724)
(218, 6, 0.28360892211383382)
(218, 9, 0.23691283779841965)
(218, 3, 0.28524611445851167)
(218, 1, 0.22072296564703631)
(218, 8, nan)
(218, 2, 0.22274500303110734)
(218, 7, 0.25158067875258228)
(219, 4, 0.20064659282329378)
(219, 5, 0.34812363963072435)
(219, 6, 0.35030522009342957)
(219, 9, 0.23074175138203146)
(219, 3, 0.33752566870266132)
(219, 1, 0.19494517374203357)
(219, 8, nan)
(219, 2, 0.2012987122629244)
(219, 7, 0.293706988905438)
(220, 4, 0.292345488807082)
(220, 5, 0.33815285229692993)
(220, 6, 0.28575065582597747)
(220, 9, 0.43973493995470547)
(220, 3, 0.32993710417486743)
(220, 1, 0.256255622241508)
(220, 8, nan)
(220, 2, 0.29676910546689994)
(220, 7, 0.18254108688364989)
(221, 4, 0.29164192839509773)
(221, 5, 0.38785839648327691)
(221, 6, 0.37316457621904531)
(221, 9, 0.46822943527755501)
(221, 3, 0.37643012086028838)
(221, 1, 0.37266701103579625)
(221, 8, nan)
(221, 2, 0.30235841610811631)
(221, 7, 0.27097823092176787)
(223, 4, 0.32839911113025222)
(223, 5, 0.3600306281296104)
(223, 6, 0.33060378274277857)
(223, 9, 0.26856128136249635)
(223, 3, 0.34074458594744594)
(223, 1, 0.31375296417797394)
(223, 8, nan)
(223, 2, 0.34372590238799228)
(223, 7, 0.25985939346970399)
(224, 4, 0.30681900798599315)
(224, 5, 0.32422292349691284)
(224, 6, 0.31389942556950345)
(224, 9, 0.2431957397301473)
(224, 3, 0.29321360493212889)
(224, 1, 0.30284318019782419)
(224, 8, nan)
(224, 2, 0.30847937003032844)
(224, 7, 0.20972311530380361)
(226, 4, 0.19446451814592103)
(226, 5, 0.27404424340860578)
(226, 6, 0.26627476262630412)
(226, 9, 0.23177803334076752)
(226, 3, 0.26404515674667017)
(226, 1, 0.21534274337453929)
(226, 8, nan)
(226, 2, 0.19395202365820086)
(226, 7, 0.25734882975380591)
(227, 4, 0.19977050022971021)
(227, 5, 0.30717436254917674)
(227, 6, 0.34960610471392006)
(227, 9, 0.23528502127791451)
(227, 3, 0.30168652192078382)
(227, 1, 0.25209481132102773)
(227, 8, nan)
(227, 2, 0.21838017717528213)
(227, 7, 0.27677132160386109)
(229, 4, 0.32300853914104244)
(229, 5, 0.45040268684947593)
(229, 6, 0.45178369965664)
(229, 9, 0.41557344902764193)
(229, 3, 0.40997098070435867)
(229, 1, 0.38579016030082158)
(229, 8, nan)
(229, 2, 0.35887928957649717)
(229, 7, 0.33386306432969737)
(231, 4, 0.34977117758359222)
(231, 5, 0.38332146398715139)
(231, 6, 0.33799053499784837)
(231, 9, 0.42775745302960555)
(231, 3, 0.37913485553425219)
(231, 1, 0.31978900263218835)
(231, 8, nan)
(231, 2, 0.29702497032864461)
(231, 7, 0.21656619429564616)
(232, 4, 0.25573462882895148)
(232, 5, 0.31589021118552618)
(232, 6, 0.31642009884434985)
(232, 9, 0.27050079467691912)
(232, 3, 0.3307793129521206)
(232, 1, 0.18235286635878512)
(232, 8, nan)
(232, 2, 0.22116042770341593)
(232, 7, 0.21439404826525943)
(233, 4, 0.28600136001255205)
(233, 5, 0.34947209771436083)
(233, 6, 0.36338330688557385)
(233, 9, 0.28936965328245878)
(233, 3, 0.33931363807320936)
(233, 1, 0.30966965536481739)
(233, 8, nan)
(233, 2, 0.32324825518271272)
(233, 7, 0.29185398423496034)
(234, 4, 0.10697688935805771)
(234, 5, 0.24230389469278746)
(234, 6, 0.19616174229728922)
(234, 9, 0.14797099453209683)
(234, 3, 0.22750560396290143)
(234, 1, 0.19242593340414271)
(234, 8, nan)
(234, 2, 0.11764653989179918)
(234, 7, 0.12715376449413252)
(235, 4, 0.52833783974378834)
(235, 5, 0.42107377112731637)
(235, 6, 0.46934510462254475)
(235, 9, 0.25507330906183701)
(235, 3, 0.3974262316851126)
(235, 1, 0.57138242824356122)
(235, 8, nan)
(235, 2, 0.56862121029710522)
(235, 7, 0.17597904493030958)
(236, 4, 0.21154524678986764)
(236, 5, 0.27466163424855439)
(236, 6, 0.27903908285005774)
(236, 9, 0.21911600330167491)
(236, 3, 0.27789689637064319)
(236, 1, 0.22353970998958994)
(236, 8, nan)
(236, 2, 0.21491082776791026)
(236, 7, 0.21426430476738267)
(237, 4, 0.36601074080785567)
(237, 5, 0.42907159757430335)
(237, 6, 0.47169195134930364)
(237, 9, 0.34432693009227977)
(237, 3, 0.44770327246579944)
(237, 1, 0.3653125473690122)
(237, 8, nan)
(237, 2, 0.34938638457312821)
(237, 7, 0.36053338672325974)
(240, 4, 0.28249652649731205)
(240, 5, 0.32268167533896697)
(240, 6, 0.30654504107677327)
(240, 9, 0.33480350667922876)
(240, 3, 0.34376169416037028)
(240, 1, 0.20055960913004112)
(240, 8, nan)
(240, 2, 0.21537398118712348)
(240, 7, 0.30601396599642572)
(241, 4, 0.2453130189751983)
(241, 5, 0.28541081207465879)
(241, 6, 0.2478856013301739)
(241, 9, 0.36618851994565604)
(241, 3, 0.28388632944884873)
(241, 1, 0.2009859801949998)
(241, 8, nan)
(241, 2, 0.24593125281076111)
(241, 7, 0.18249511309625843)
(243, 4, 0.4340929264048845)
(243, 5, 0.48264493650206775)
(243, 6, 0.41356438570931142)
(243, 9, 0.31834418810037246)
(243, 3, 0.42411659825445902)
(243, 1, 0.37219980028703115)
(243, 8, nan)
(243, 2, 0.39472704505211664)
(243, 7, 0.3217573553797618)
(244, 4, 0.27668444302410022)
(244, 5, 0.34919688773351987)
(244, 6, 0.35465365369794077)
(244, 9, 0.315776373812091)
(244, 3, 0.34043710392001147)
(244, 1, 0.27598752389944314)
(244, 8, nan)
(244, 2, 0.27749032470577584)
(244, 7, 0.23365783243557492)
(245, 4, 0.26906467562374348)
(245, 5, 0.36459313329464949)
(245, 6, 0.40858490606254105)
(245, 9, 0.19572904814647585)
(245, 3, 0.34724725781278032)
(245, 1, 0.30942008324810377)
(245, 8, nan)
(245, 2, 0.29470908953563979)
(245, 7, 0.36270334793492398)
(246, 4, 0.26284397312565644)
(246, 5, 0.33013351126110768)
(246, 6, 0.36274598770451971)
(246, 9, 0.24919320823999225)
(246, 3, 0.35472762321552609)
(246, 1, 0.3114438471861285)
(246, 8, nan)
(246, 2, 0.29136710339825178)
(246, 7, 0.33543511803492976)
(248, 4, 0.29442129341279355)
(248, 5, 0.44669202034220612)
(248, 6, 0.37939724767582383)
(248, 9, 0.34024725138061784)
(248, 3, 0.3819815778002057)
(248, 1, 0.3540342267274148)
(248, 8, nan)
(248, 2, 0.26590561985539685)
(248, 7, 0.24972935431179177)
(249, 4, 0.32486488041798633)
(249, 5, 0.32997044755546479)
(249, 6, 0.34342648298303791)
(249, 9, 0.23402233416669649)
(249, 3, 0.35463383706493112)
(249, 1, 0.29229270497923387)
(249, 8, nan)
(249, 2, 0.31289867673857108)
(249, 7, 0.25866182134624105)
(251, 4, 0.31319463314878737)
(251, 5, 0.40419387283042951)
(251, 6, 0.35752787889948223)
(251, 9, 0.38777383511079577)
(251, 3, 0.4066211120964498)
(251, 1, 0.31652401145727416)
(251, 8, nan)
(251, 2, 0.31701257659823179)
(251, 7, 0.22141146457172589)
(252, 4, 0.35194274353320543)
(252, 5, 0.32047722844767779)
(252, 6, 0.36167342753305975)
(252, 9, 0.12268219412636883)
(252, 3, 0.27740780812238353)
(252, 1, 0.37011673758139796)
(252, 8, nan)
(252, 2, 0.38778736889805931)
(252, 7, 0.17958080552448641)
(253, 4, 0.32980625632520333)
(253, 5, 0.42549598325702298)
(253, 6, 0.42473363206734605)
(253, 9, 0.28116279977799474)
(253, 3, 0.39130373652562622)
(253, 1, 0.37617438495110123)
(253, 8, nan)
(253, 2, 0.3299793828967057)
(253, 7, 0.35852869961297873)
(255, 4, 0.33423707659566815)
(255, 5, 0.31651004443720998)
(255, 6, 0.26803941887108196)
(255, 9, 0.31022694834184039)
(255, 3, 0.27815214784556797)
(255, 1, 0.25583099968011425)
(255, 8, nan)
(255, 2, 0.23576011199446611)
(255, 7, 0.12660618294482018)
(256, 4, 0.1933371437444098)
(256, 5, 0.32193497066630361)
(256, 6, 0.32882100513395418)
(256, 9, 0.19208990190249253)
(256, 3, 0.30180495407892693)
(256, 1, 0.2979937752411963)
(256, 8, nan)
(256, 2, 0.20754544372009787)
(256, 7, 0.37525270307236558)
(257, 4, 0.16905025634755033)
(257, 5, 0.2154182762982485)
(257, 6, 0.23014762293711255)
(257, 9, 0.20830312082402136)
(257, 3, 0.22336554734555514)
(257, 1, 0.17883751492923738)
(257, 8, nan)
(257, 2, 0.17569368026527343)
(257, 7, 0.20916168884493203)
(259, 4, 0.19176265689586913)
(259, 5, 0.22202964505129819)
(259, 6, 0.24965861325758087)
(259, 9, 0.11499525893369777)
(259, 3, 0.25313142275778433)
(259, 1, 0.19723262306987932)
(259, 8, nan)
(259, 2, 0.20502654648009766)
(259, 7, 0.33262858022955155)
(260, 4, 0.29403650708025253)
(260, 5, 0.40295754831709529)
(260, 6, 0.37693537139788424)
(260, 9, 0.40452782772067719)
(260, 3, 0.39311676311775079)
(260, 1, 0.28430740425728462)
(260, 8, nan)
(260, 2, 0.28624095516341053)
(260, 7, 0.28534490694064285)
(262, 4, 0.31938297709114738)
(262, 5, 0.38696687013117392)
(262, 6, 0.38490242393323659)
(262, 9, 0.30477144201445538)
(262, 3, 0.36010788570445129)
(262, 1, 0.40018836520480572)
(262, 8, nan)
(262, 2, 0.31126977073473672)
(262, 7, 0.1951916510142967)
(263, 4, 0.2779233884828971)
(263, 5, 0.40623056673238789)
(263, 6, 0.37910864232315755)
(263, 9, 0.27681146869848139)
(263, 3, 0.31266867853788793)
(263, 1, 0.36518289247410185)
(263, 8, nan)
(263, 2, 0.27479990609225624)
(263, 7, 0.25025422488896099)
(264, 4, 0.26737153125110091)
(264, 5, 0.33140479121172539)
(264, 6, 0.37101726993760331)
(264, 9, 0.24151803525651006)
(264, 3, 0.35239314550740775)
(264, 1, 0.33919515434997816)
(264, 8, nan)
(264, 2, 0.30078208772381188)
(264, 7, 0.34948330780989778)
(265, 4, 0.30761081101445731)
(265, 5, 0.43972845676099448)
(265, 6, 0.38389164860843294)
(265, 9, 0.30322060461581035)
(265, 3, 0.45395355730020182)
(265, 1, 0.32651388665256498)
(265, 8, nan)
(265, 2, 0.3236470060297566)
(265, 7, 0.33844646148182833)
(266, 4, 0.29514651749027676)
(266, 5, 0.39558825919083418)
(266, 6, 0.3954076056359741)
(266, 9, 0.19977959370436937)
(266, 3, 0.32249873441781129)
(266, 1, 0.35716152570431103)
(266, 8, nan)
(266, 2, 0.31686694822240358)
(266, 7, 0.2990281249162362)
(267, 4, 0.32111898185261079)
(267, 5, 0.37079211481999308)
(267, 6, 0.35351484607372541)
(267, 9, 0.38732167280128027)
(267, 3, 0.36312334155925263)
(267, 1, 0.32224727763344774)
(267, 8, nan)
(267, 2, 0.35017781940372306)
(267, 7, 0.22997357004474361)
(269, 4, 0.23270323468882737)
(269, 5, 0.30011704829687957)
(269, 6, 0.25395757029069732)
(269, 9, 0.17517368079180351)
(269, 3, 0.26777138786109778)
(269, 1, 0.22218446245958401)
(269, 8, nan)
(269, 2, 0.21396172560783977)
(269, 7, 0.1680897146431557)
(270, 4, 0.19318365506635993)
(270, 5, 0.21189857034754811)
(270, 6, 0.21302317917854774)
(270, 9, 0.18502848576512865)
(270, 3, 0.23069327336220047)
(270, 1, 0.19261004054322106)
(270, 8, nan)
(270, 2, 0.21013278135298852)
(270, 7, 0.16773137275519878)
(271, 4, 0.27792951527507237)
(271, 5, 0.26699970268943884)
(271, 6, 0.29849164458579702)
(271, 9, 0.18222005605955682)
(271, 3, 0.2828800496218562)
(271, 1, 0.33663560807694604)
(271, 8, nan)
(271, 2, 0.30605523070054674)
(271, 7, 0.15629615342815462)
(272, 4, 0.36073996659812013)
(272, 5, 0.41747667850056935)
(272, 6, 0.36823710543273303)
(272, 9, 0.44081334386960314)
(272, 3, 0.387322729338755)
(272, 1, 0.33352969143815425)
(272, 8, nan)
(272, 2, 0.36159160223802789)
(272, 7, 0.28619675097393915)
(273, 4, 0.28169599595360584)
(273, 5, 0.27530802308298674)
(273, 6, 0.28451548843692209)
(273, 9, 0.19600556504990385)
(273, 3, 0.28664438853146168)
(273, 1, 0.26030115550309008)
(273, 8, nan)
(273, 2, 0.27280099696403615)
(273, 7, 0.17552990034378979)
(274, 4, 0.34469611197538175)
(274, 5, 0.38705380754545171)
(274, 6, 0.39764597677367519)
(274, 9, 0.30726918168719397)
(274, 3, 0.4108863111733414)
(274, 1, 0.30108116410185304)
(274, 8, nan)
(274, 2, 0.34594647484625596)
(274, 7, 0.32927767931479623)
(276, 4, 0.41321912664946614)
(276, 5, 0.46116823720159361)
(276, 6, 0.429939628279985)
(276, 9, 0.3574924035188014)
(276, 3, 0.44165545434990983)
(276, 1, 0.34798383264083799)
(276, 8, nan)
(276, 2, 0.35341086658297216)
(276, 7, 0.343964383570451)
(279, 4, 0.36740587796983326)
(279, 5, 0.40968845035177559)
(279, 6, 0.39808038843173188)
(279, 9, 0.34182663887728992)
(279, 3, 0.3972040820482543)
(279, 1, 0.39934476091014892)
(279, 8, nan)
(279, 2, 0.34838437759755725)
(279, 7, 0.29374851665135515)
(280, 4, 0.23127988500854357)
(280, 5, 0.31183733264608482)
(280, 6, 0.31776248354492009)
(280, 9, 0.24416846991051155)
(280, 3, 0.28526705600661462)
(280, 1, 0.2822645807659182)
(280, 8, nan)
(280, 2, 0.25273986402842885)
(280, 7, 0.20273288179143956)
(282, 4, 0.31295559532231465)
(282, 5, 0.36510601410507815)
(282, 6, 0.36437486753671133)
(282, 9, 0.29355109593150508)
(282, 3, 0.39129953525814254)
(282, 1, 0.28378934968480918)
(282, 8, nan)
(282, 2, 0.29169175720223794)
(282, 7, 0.27088583982101078)
(283, 4, 0.27259524633788845)
(283, 5, 0.38731991048573766)
(283, 6, 0.36820252660096819)
(283, 9, 0.30388505064896765)
(283, 3, 0.36284770519592535)
(283, 1, 0.31290324350008358)
(283, 8, nan)
(283, 2, 0.24217358460695926)
(283, 7, 0.34066036136298949)
(284, 4, 0.36099234090275645)
(284, 5, 0.41787016448699643)
(284, 6, 0.41349984890097291)
(284, 9, 0.26014898651820051)
(284, 3, 0.39086497321421587)
(284, 1, 0.38549741784323299)
(284, 8, nan)
(284, 2, 0.37065359022664413)
(284, 7, 0.29186538600027812)
(286, 4, 0.33934356554413259)
(286, 5, 0.43507412302636173)
(286, 6, 0.40115507797698291)
(286, 9, 0.32872124614760412)
(286, 3, 0.41417922504997506)
(286, 1, 0.34962821322303717)
(286, 8, nan)
(286, 2, 0.32430048980089521)
(286, 7, 0.3660706955336166)
(287, 4, 0.3116527005021501)
(287, 5, 0.3038990661578338)
(287, 6, 0.30046173304862922)
(287, 9, 0.23391694321908085)
(287, 3, 0.3344766040675049)
(287, 1, 0.2165020585677544)
(287, 8, nan)
(287, 2, 0.31043472083880785)
(287, 7, 0.30399619034965886)
(289, 4, 0.28154645456275795)
(289, 5, 0.37345748710020665)
(289, 6, 0.40076468353120842)
(289, 9, 0.26227698255119569)
(289, 3, 0.39741068404178748)
(289, 1, 0.32187363004183123)
(289, 8, nan)
(289, 2, 0.3019610303767547)
(289, 7, 0.44905681701962474)
(290, 4, 0.3054115418845107)
(290, 5, 0.37922457744845572)
(290, 6, 0.3626442108501583)
(290, 9, 0.27655663399931285)
(290, 3, 0.33209573093089895)
(290, 1, 0.28431888986937792)
(290, 8, nan)
(290, 2, 0.2773047744465218)
(290, 7, 0.2613144963945)
(291, 4, 0.31385471353941896)
(291, 5, 0.41330947327882062)
(291, 6, 0.41806667541617704)
(291, 9, 0.2378754599352757)
(291, 3, 0.39661254663709622)
(291, 1, 0.40005635253150418)
(291, 8, nan)
(291, 2, 0.32795064614119629)
(291, 7, 0.35963860793845481)
(292, 4, 0.22415293756961696)
(292, 5, 0.22633055051898099)
(292, 6, 0.22211222704929412)
(292, 9, 0.21287188347751484)
(292, 3, 0.24231378250008284)
(292, 1, 0.21037766412599168)
(292, 8, nan)
(292, 2, 0.18894463881699819)
(292, 7, 0.145058097545398)
(293, 4, 0.22688089190085092)
(293, 5, 0.29873301062625712)
(293, 6, 0.33133953379978176)
(293, 9, 0.19126716258472154)
(293, 3, 0.34276766125963309)
(293, 1, 0.28892241444680744)
(293, 8, nan)
(293, 2, 0.25963384749309659)
(293, 7, 0.41735135810632118)
(294, 4, 0.2211562352326859)
(294, 5, 0.27706501950804774)
(294, 6, 0.31366705686430874)
(294, 9, 0.1873227049726458)
(294, 3, 0.28118334716208992)
(294, 1, 0.2119697324732599)
(294, 8, nan)
(294, 2, 0.23512042951339229)
(294, 7, 0.30734309207695376)
(295, 4, 0.31415550067037601)
(295, 5, 0.33826809574926742)
(295, 6, 0.28982453797051622)
(295, 9, 0.30402880650863573)
(295, 3, 0.3121212247758498)
(295, 1, 0.27370297316350334)
(295, 8, nan)
(295, 2, 0.28273538286663746)
(295, 7, 0.16620546683499304)
(296, 4, 0.30354253787050145)
(296, 5, 0.36727669345303293)
(296, 6, 0.32488089171793055)
(296, 9, 0.46995645125842289)
(296, 3, 0.38832618732794377)
(296, 1, 0.24793778321289428)
(296, 8, nan)
(296, 2, 0.28657768567781083)
(296, 7, 0.31328336420599268)
(297, 4, 0.30058769915807049)
(297, 5, 0.30354849046729826)
(297, 6, 0.29050730615227016)
(297, 9, 0.27872732128591882)
(297, 3, 0.33025650272824791)
(297, 1, 0.2079221009006037)
(297, 8, nan)
(297, 2, 0.28109589645550703)
(297, 7, 0.28402392380198171)
(298, 4, 0.20467456856680166)
(298, 5, 0.29311021365668333)
(298, 6, 0.25933380954068397)
(298, 9, 0.25112921222862616)
(298, 3, 0.27387283321594902)
(298, 1, 0.20285691209831658)
(298, 8, nan)
(298, 2, 0.1827164496505338)
(298, 7, 0.28243269751051669)
(299, 4, 0.29145117235719742)
(299, 5, 0.42909648515325016)
(299, 6, 0.37222120201002018)
(299, 9, 0.42095693763204367)
(299, 3, 0.39017474122413809)
(299, 1, 0.36287949910344719)
(299, 8, nan)
(299, 2, 0.27656421055654157)
(299, 7, 0.3024950879736914)
(300, 4, 0.30275931436380121)
(300, 5, 0.34224411099607788)
(300, 6, 0.29642619914988688)
(300, 9, 0.37106069217029614)
(300, 3, 0.32994616439182833)
(300, 1, 0.25548801636159224)
(300, 8, nan)
(300, 2, 0.24056613542371763)
(300, 7, 0.2152706990206894)
(301, 4, 0.28273044540276671)
(301, 5, 0.43300007583934574)
(301, 6, 0.46534345707796598)
(301, 9, 0.32966448545735005)
(301, 3, 0.44879774364249425)
(301, 1, 0.29401726283013963)
(301, 8, nan)
(301, 2, 0.29541837456910214)
(301, 7, 0.42592162711090387)
(302, 4, 0.29424022278873319)
(302, 5, 0.42640116317120791)
(302, 6, 0.44817074634455922)
(302, 9, 0.32131755360744907)
(302, 3, 0.41612090901777199)
(302, 1, 0.37725128227128912)
(302, 8, nan)
(302, 2, 0.33473226602616446)
(302, 7, 0.43562975556683237)
(303, 4, 0.21911048890391194)
(303, 5, 0.30845007675458525)
(303, 6, 0.29937288575117682)
(303, 9, 0.19456876440648796)
(303, 3, 0.30243552718541644)
(303, 1, 0.2485490424386485)
(303, 8, nan)
(303, 2, 0.21052856011462295)
(303, 7, 0.22306081725445015)
(304, 4, 0.35618818333766922)
(304, 5, 0.37448396328560685)
(304, 6, 0.32346292009427613)
(304, 9, 0.2973457538632962)
(304, 3, 0.34880902782193091)
(304, 1, 0.29731837086597357)
(304, 8, nan)
(304, 2, 0.31477483919725047)
(304, 7, 0.18719507936968394)
(305, 4, 0.22504863376376305)
(305, 5, 0.37779363052185555)
(305, 6, 0.35085603473105687)
(305, 9, 0.33060396613248644)
(305, 3, 0.38711827777086283)
(305, 1, 0.32367620243856687)
(305, 8, nan)
(305, 2, 0.22779771276188532)
(305, 7, 0.24958484641709178)
(306, 4, 0.31551588609784331)
(306, 5, 0.42475523493560807)
(306, 6, 0.42946617404355303)
(306, 9, 0.37946254177743954)
(306, 3, 0.4354309869592734)
(306, 1, 0.30604926241514385)
(306, 8, nan)
(306, 2, 0.29911272288057578)
(306, 7, 0.32365475605984784)
(308, 4, 0.2149367620591629)
(308, 5, 0.44714394885196573)
(308, 6, 0.44312428013218041)
(308, 9, 0.35528756355356128)
(308, 3, 0.38755044293502361)
(308, 1, 0.33656760630292082)
(308, 8, nan)
(308, 2, 0.2474430673124518)
(308, 7, 0.34701568464036914)
(309, 4, 0.15703652527065037)
(309, 5, 0.21100556345321342)
(309, 6, 0.20862898746548386)
(309, 9, 0.19818165618534589)
(309, 3, 0.21295533792561883)
(309, 1, 0.17520788315390035)
(309, 8, nan)
(309, 2, 0.14749036297535367)
(309, 7, 0.15257314016390067)
(310, 4, 0.23681293815979132)
(310, 5, 0.32341568461258963)
(310, 6, 0.26926587477426844)
(310, 9, 0.29095172849894602)
(310, 3, 0.30929042047239208)
(310, 1, 0.194317879134428)
(310, 8, nan)
(310, 2, 0.20215158749072892)
(310, 7, 0.24881005598333328)
(311, 4, 0.19446451814592103)
(311, 5, 0.27404424340860578)
(311, 6, 0.26627476262630412)
(311, 9, 0.23177803334076752)
(311, 3, 0.26404515674667017)
(311, 1, 0.21534274337453929)
(311, 8, nan)
(311, 2, 0.19395202365820086)
(311, 7, 0.25734882975380591)
(312, 4, 0.26651591817963449)
(312, 5, 0.44262280271153154)
(312, 6, 0.45694778591750251)
(312, 9, 0.32543904377393496)
(312, 3, 0.42975416421330181)
(312, 1, 0.42834232095451863)
(312, 8, nan)
(312, 2, 0.27521282163288063)
(312, 7, 0.34396381555134847)
(313, 4, 0.23524207859816704)
(313, 5, 0.27020812281231366)
(313, 6, 0.28172286844077454)
(313, 9, 0.29554501351248663)
(313, 3, 0.29528894560123142)
(313, 1, 0.20082866723707937)
(313, 8, nan)
(313, 2, 0.2393892624741194)
(313, 7, 0.22124028609171253)
(314, 4, 0.29113665716603876)
(314, 5, 0.30693982446406776)
(314, 6, 0.30231774609345274)
(314, 9, 0.26062831626005578)
(314, 3, 0.30010448174647064)
(314, 1, 0.24000513871175611)
(314, 8, nan)
(314, 2, 0.27285758262134752)
(314, 7, 0.23309496964291854)
(315, 4, 0.29862441511932558)
(315, 5, 0.41572921124139284)
(315, 6, 0.40617093174015273)
(315, 9, 0.22171467373814646)
(315, 3, 0.36087306181133116)
(315, 1, 0.33498858847113377)
(315, 8, nan)
(315, 2, 0.28604768422499638)
(315, 7, 0.34766471035188473)
(317, 4, 0.19247393051959882)
(317, 5, 0.16703682668236142)
(317, 6, 0.13263470376539743)
(317, 9, 0.11315387486073825)
(317, 3, 0.14687907047257021)
(317, 1, 0.11169081979179973)
(317, 8, nan)
(317, 2, 0.15130507995824705)
(317, 7, 0.063658458423959896)
(318, 4, 0.32569551259121199)
(318, 5, 0.40634924841102804)
(318, 6, 0.40296963038814115)
(318, 9, 0.34543440970821626)
(318, 3, 0.39593838640099077)
(318, 1, 0.29451451387158945)
(318, 8, nan)
(318, 2, 0.30916911285746596)
(318, 7, 0.32641934223172397)
(319, 4, 0.23954722887609647)
(319, 5, 0.35881902190962423)
(319, 6, 0.39165419365086318)
(319, 9, 0.24966775831049914)
(319, 3, 0.33683642913096667)
(319, 1, 0.29068420779488746)
(319, 8, nan)
(319, 2, 0.24959545712375719)
(319, 7, 0.24728727316313315)
(321, 4, 0.32821945170938926)
(321, 5, 0.41365573857635529)
(321, 6, 0.36898135703388357)
(321, 9, 0.3591865779530885)
(321, 3, 0.38066480413062553)
(321, 1, 0.27631445739675842)
(321, 8, nan)
(321, 2, 0.2655999974785459)
(321, 7, 0.27019084527552351)
(322, 4, 0.23234920291557226)
(322, 5, 0.32076604925616969)
(322, 6, 0.38193323987934891)
(322, 9, 0.26384755591700482)
(322, 3, 0.36267382493486877)
(322, 1, 0.26329713050882975)
(322, 8, nan)
(322, 2, 0.26816835290968477)
(322, 7, 0.40311527047515794)
(323, 4, 0.41264869739270571)
(323, 5, 0.45532241826134556)
(323, 6, 0.43461656064016174)
(323, 9, 0.33249533514969687)
(323, 3, 0.44640003824466468)
(323, 1, 0.33800154976349472)
(323, 8, nan)
(323, 2, 0.38780661341002221)
(323, 7, 0.36629501026360556)
(324, 4, 0.25032417520430017)
(324, 5, 0.26912535638630053)
(324, 6, 0.26315460499715337)
(324, 9, 0.27444756909737955)
(324, 3, 0.28023238753236723)
(324, 1, 0.26366593755355316)
(324, 8, nan)
(324, 2, 0.25000909323982834)
(324, 7, 0.20670017301836074)
(325, 4, 0.4044850726397351)
(325, 5, 0.34967580913451901)
(325, 6, 0.35090827193875951)
(325, 9, 0.31838407452693862)
(325, 3, 0.35929133782797773)
(325, 1, 0.32239977245750606)
(325, 8, nan)
(325, 2, 0.40778971697034627)
(325, 7, 0.20769067484721671)
(326, 4, 0.2999068294823084)
(326, 5, 0.36160014319409117)
(326, 6, 0.38064618331391797)
(326, 9, 0.27925639110277856)
(326, 3, 0.36508909424855829)
(326, 1, 0.30367421586485932)
(326, 8, nan)
(326, 2, 0.29999641940487587)
(326, 7, 0.3177800352484963)
(327, 4, 0.168406936100581)
(327, 5, 0.30185282650216094)
(327, 6, 0.31617039848876727)
(327, 9, 0.16855478868878004)
(327, 3, 0.30603556225217377)
(327, 1, 0.23052168719263511)
(327, 8, nan)
(327, 2, 0.17755884941281797)
(327, 7, 0.34487411432148474)
(328, 4, 0.24199652078031686)
(328, 5, 0.29183275884008086)
(328, 6, 0.30572123938946394)
(328, 9, 0.21075599159654668)
(328, 3, 0.25707652924232505)
(328, 1, 0.27626687099161251)
(328, 8, nan)
(328, 2, 0.27412534085326778)
(328, 7, 0.20820077389603164)
(332, 4, 0.34101110187258521)
(332, 5, 0.39659088398049569)
(332, 6, 0.32179576412006305)
(332, 9, 0.31836848923901984)
(332, 3, 0.3577104574644252)
(332, 1, 0.3019919304019707)
(332, 8, nan)
(332, 2, 0.32980944302102211)
(332, 7, 0.23797663510842582)
(333, 4, 0.2982608726147622)
(333, 5, 0.37024729968449832)
(333, 6, 0.37538914081269104)
(333, 9, 0.43735731827117519)
(333, 3, 0.40305536000743958)
(333, 1, 0.39778123574300983)
(333, 8, nan)
(333, 2, 0.28154573966033802)
(333, 7, 0.2678419021255668)
(334, 4, 0.33324560505235012)
(334, 5, 0.31771707110364766)
(334, 6, 0.25219046594793015)
(334, 9, 0.35522492605284772)
(334, 3, 0.28975139331147814)
(334, 1, 0.21142706229585051)
(334, 8, nan)
(334, 2, 0.24044113868036932)
(334, 7, 0.15063289270758151)
(335, 4, 0.36531928814594239)
(335, 5, 0.39771777521108165)
(335, 6, 0.35706212895664668)
(335, 9, 0.27760300247589764)
(335, 3, 0.36972251670555156)
(335, 1, 0.31214939276369247)
(335, 8, nan)
(335, 2, 0.32275275151803651)
(335, 7, 0.26313903499649971)
(336, 4, 0.20338775688544219)
(336, 5, 0.29366047308779564)
(336, 6, 0.31359782574206907)
(336, 9, 0.20902703677289425)
(336, 3, 0.2821251944723705)
(336, 1, 0.21846787287078984)
(336, 8, nan)
(336, 2, 0.17158431323085443)
(336, 7, 0.31954263881728173)
(337, 4, 0.23426176715151403)
(337, 5, 0.32140986037951547)
(337, 6, 0.33169949908715768)
(337, 9, 0.25755915081851788)
(337, 3, 0.31396373566259039)
(337, 1, 0.30528562076492882)
(337, 8, nan)
(337, 2, 0.21781886035404541)
(337, 7, 0.23868643199788597)
(338, 4, 0.23588840343730311)
(338, 5, 0.32461871293300648)
(338, 6, 0.33443195820367522)
(338, 9, 0.25614011614420984)
(338, 3, 0.36261085788857295)
(338, 1, 0.2995573246369041)
(338, 8, nan)
(338, 2, 0.25859309829832999)
(338, 7, 0.34159893732299174)
(339, 4, 0.29975019258548774)
(339, 5, 0.37854970319635362)
(339, 6, 0.37203163153101115)
(339, 9, 0.33145884738616849)
(339, 3, 0.37582043529805764)
(339, 1, 0.31528308546728745)
(339, 8, nan)
(339, 2, 0.29806808515216088)
(339, 7, 0.35491222321934224)
(340, 4, 0.12844924299092908)
(340, 5, 0.1998503962090985)
(340, 6, 0.1626755270168585)
(340, 9, 0.20347052939951304)
(340, 3, 0.15934679725681966)
(340, 1, 0.14831000974803599)
(340, 8, nan)
(340, 2, 0.12272540993054804)
(340, 7, 0.15457938936834636)
(341, 4, 0.32266857417993511)
(341, 5, 0.28965024119332805)
(341, 6, 0.33228880627805191)
(341, 9, 0.11905278469894109)
(341, 3, 0.28146753971534644)
(341, 1, 0.34009700641181118)
(341, 8, nan)
(341, 2, 0.34630709736199738)
(341, 7, 0.26602979663632231)
(342, 4, 0.19486347398475556)
(342, 5, 0.26795395215765327)
(342, 6, 0.27910308803186856)
(342, 9, 0.21597189245619908)
(342, 3, 0.25674696965285349)
(342, 1, 0.22271865279020098)
(342, 8, nan)
(342, 2, 0.21203181947589378)
(342, 7, 0.22142312829251665)
(343, 4, 0.35157348156722712)
(343, 5, 0.36756397985045797)
(343, 6, 0.33826440760328225)
(343, 9, 0.23338397153189239)
(343, 3, 0.37698830347281431)
(343, 1, 0.31205847979498103)
(343, 8, nan)
(343, 2, 0.3022982031317657)
(343, 7, 0.33299773753436135)
(344, 4, 0.42339475333355148)
(344, 5, 0.41505397144455203)
(344, 6, 0.38209493016001872)
(344, 9, 0.34330550026726492)
(344, 3, 0.40185892343597396)
(344, 1, 0.32205148969618813)
(344, 8, nan)
(344, 2, 0.37159633494250732)
(344, 7, 0.25360914421785152)
(345, 4, 0.31222122666847429)
(345, 5, 0.35625010560078008)
(345, 6, 0.38167245627774582)
(345, 9, 0.29846290369389195)
(345, 3, 0.38590052596444568)
(345, 1, 0.27985894141255607)
(345, 8, nan)
(345, 2, 0.30393829913143611)
(345, 7, 0.350181685450488)
(346, 4, 0.29317945235817788)
(346, 5, 0.34263089474100605)
(346, 6, 0.33958492981839339)
(346, 9, 0.28979734565813198)
(346, 3, 0.33039038937828447)
(346, 1, 0.27930292956369152)
(346, 8, nan)
(346, 2, 0.28376353954961231)
(346, 7, 0.24760259603709622)
(349, 4, 0.30304339899901733)
(349, 5, 0.35755310559406039)
(349, 6, 0.34774910556788974)
(349, 9, 0.28383386077107375)
(349, 3, 0.3580676873765114)
(349, 1, 0.2926487452637383)
(349, 8, nan)
(349, 2, 0.28971102345916644)
(349, 7, 0.26718089401791034)
(351, 4, 0.25225241436607648)
(351, 5, 0.30724942842267733)
(351, 6, 0.25394077965844197)
(351, 9, 0.37999921342870113)
(351, 3, 0.30563786085614109)
(351, 1, 0.23858670682475724)
(351, 8, nan)
(351, 2, 0.25636388497710105)
(351, 7, 0.20743232748109586)
(352, 4, 0.23849257344871466)
(352, 5, 0.26852658845694943)
(352, 6, 0.24493925763724667)
(352, 9, 0.34137493131253316)
(352, 3, 0.27685308929105001)
(352, 1, 0.18341410821385051)
(352, 8, nan)
(352, 2, 0.17580119775942227)
(352, 7, 0.17912372213673888)
(353, 4, 0.14328071149723764)
(353, 5, 0.18088416060443302)
(353, 6, 0.19474594391422806)
(353, 9, 0.068604544409774704)
(353, 3, 0.1493971891093604)
(353, 1, 0.16538724389543258)
(353, 8, nan)
(353, 2, 0.14977408585272045)
(353, 7, 0.14603980009498119)
(354, 4, 0.39224962272847241)
(354, 5, 0.47094966596677712)
(354, 6, 0.45972953586946441)
(354, 9, 0.53781625375496545)
(354, 3, 0.47081107156138802)
(354, 1, 0.41547198861927837)
(354, 8, nan)
(354, 2, 0.34821451237693291)
(354, 7, 0.30687398350283002)
(355, 4, 0.28854592498933762)
(355, 5, 0.37498962009402159)
(355, 6, 0.36875230710233631)
(355, 9, 0.36218197797391249)
(355, 3, 0.38147859907573123)
(355, 1, 0.29754513536958793)
(355, 8, nan)
(355, 2, 0.28878092819385359)
(355, 7, 0.35775274710419636)
(357, 4, 0.39976878030025065)
(357, 5, 0.39852396308418159)
(357, 6, 0.37286356005183297)
(357, 9, 0.41854028076823035)
(357, 3, 0.41420253428710607)
(357, 1, 0.30632933010817198)
(357, 8, nan)
(357, 2, 0.34372694692505146)
(357, 7, 0.2737977057673896)
(358, 4, 0.37648388872729255)
(358, 5, 0.39716305130089535)
(358, 6, 0.41700921613262509)
(358, 9, 0.26409297090872519)
(358, 3, 0.40459379775447823)
(358, 1, 0.35778397295291953)
(358, 8, nan)
(358, 2, 0.38346919970684057)
(358, 7, 0.34246142221615128)
(359, 4, 0.24214460656859593)
(359, 5, 0.33100008951403614)
(359, 6, 0.2671527895258663)
(359, 9, 0.46803795436698958)
(359, 3, 0.32278216138256277)
(359, 1, 0.24750367003482743)
(359, 8, nan)
(359, 2, 0.25687659642961669)
(359, 7, 0.21029466095322857)
(360, 4, 0.23039558242882463)
(360, 5, 0.35944946982772286)
(360, 6, 0.38779360556436648)
(360, 9, 0.23686325508163764)
(360, 3, 0.31863781914435618)
(360, 1, 0.29902301576688961)
(360, 8, nan)
(360, 2, 0.24570920216816683)
(360, 7, 0.2316124892861654)
(361, 4, 0.38418586122975806)
(361, 5, 0.42246664488498653)
(361, 6, 0.38083029139830193)
(361, 9, 0.29811749787144737)
(361, 3, 0.37426474928111997)
(361, 1, 0.34118191802913134)
(361, 8, nan)
(361, 2, 0.34122419229885814)
(361, 7, 0.27610908817052171)
(362, 4, 0.18386496631967575)
(362, 5, 0.28672424635248284)
(362, 6, 0.2838472947449775)
(362, 9, 0.18829323818190824)
(362, 3, 0.25877042148619178)
(362, 1, 0.22687705310703854)
(362, 8, nan)
(362, 2, 0.1854335665058976)
(362, 7, 0.24204180059968494)
(363, 4, 0.168406936100581)
(363, 5, 0.30185282650216094)
(363, 6, 0.31617039848876727)
(363, 9, 0.16855478868878004)
(363, 3, 0.30603556225217377)
(363, 1, 0.23052168719263511)
(363, 8, nan)
(363, 2, 0.17755884941281797)
(363, 7, 0.34487411432148474)
(364, 4, 0.16323084448081371)
(364, 5, 0.17699613022265648)
(364, 6, 0.16545695334990762)
(364, 9, 0.12647411837109535)
(364, 3, 0.17642503409406762)
(364, 1, 0.17822962633619399)
(364, 8, nan)
(364, 2, 0.14949831244586309)
(364, 7, 0.13864180917596425)
(365, 4, 0.32019434944155667)
(365, 5, 0.25839845279572682)
(365, 6, 0.2877596436679366)
(365, 9, 0.086412335847059429)
(365, 3, 0.24149909264783243)
(365, 1, 0.32132972585649133)
(365, 8, nan)
(365, 2, 0.3478109676979303)
(365, 7, 0.16356679875025237)
(366, 4, 0.30705510723143725)
(366, 5, 0.34399102396989245)
(366, 6, 0.34315361135860512)
(366, 9, 0.34394858386434479)
(366, 3, 0.37542802313242696)
(366, 1, 0.3012576173492878)
(366, 8, nan)
(366, 2, 0.27474455719288537)
(366, 7, 0.31797570884109583)
(367, 4, 0.41456875967362028)
(367, 5, 0.46801610360177626)
(367, 6, 0.42344631713851222)
(367, 9, 0.43522224232781603)
(367, 3, 0.43237734125414895)
(367, 1, 0.310915353234688)
(367, 8, nan)
(367, 2, 0.3336586351810682)
(367, 7, 0.26708008266309258)
(369, 4, 0.14000251665450714)
(369, 5, 0.20911184818279671)
(369, 6, 0.20192838634564469)
(369, 9, 0.28311209867268161)
(369, 3, 0.23450786365795018)
(369, 1, 0.1961969501599331)
(369, 8, nan)
(369, 2, 0.14788066432274383)
(369, 7, 0.16362945835614973)
(370, 4, 0.13676409829898217)
(370, 5, 0.23396186206417569)
(370, 6, 0.21978075177978329)
(370, 9, 0.12951715477637182)
(370, 3, 0.23219536954079456)
(370, 1, 0.18838950278626443)
(370, 8, nan)
(370, 2, 0.16330461648787153)
(370, 7, 0.21771127852149519)
(371, 4, 0.32185279815362955)
(371, 5, 0.37723807529596298)
(371, 6, 0.37521541928912894)
(371, 9, 0.25527685630099817)
(371, 3, 0.34009476792655158)
(371, 1, 0.3467382402571666)
(371, 8, nan)
(371, 2, 0.33733296580767402)
(371, 7, 0.27421904939433728)
(373, 4, 0.26573805804184014)
(373, 5, 0.26168460684409389)
(373, 6, 0.29864400365194976)
(373, 9, 0.19095685469043544)
(373, 3, 0.29338089293503444)
(373, 1, 0.25275102156393192)
(373, 8, nan)
(373, 2, 0.27152973745799769)
(373, 7, 0.22168872290483643)
(374, 4, 0.27312167915257768)
(374, 5, 0.30089998688626229)
(374, 6, 0.34843292112068669)
(374, 9, 0.25663590809918402)
(374, 3, 0.33990566050799731)
(374, 1, 0.29921134185131693)
(374, 8, nan)
(374, 2, 0.28347422247952925)
(374, 7, 0.3230408056867633)
(375, 4, 0.27748570034352205)
(375, 5, 0.33572713283577404)
(375, 6, 0.30117218751013641)
(375, 9, 0.25090258759382711)
(375, 3, 0.31222081235617938)
(375, 1, 0.2713883864386849)
(375, 8, nan)
(375, 2, 0.28730255872481858)
(375, 7, 0.23489679390952367)
(376, 4, 0.21490410664203097)
(376, 5, 0.23938260361754349)
(376, 6, 0.27101385987450965)
(376, 9, 0.18539271217579434)
(376, 3, 0.23814679334536326)
(376, 1, 0.24809101788003907)
(376, 8, nan)
(376, 2, 0.2339037708906001)
(376, 7, 0.17097287011439433)
(377, 4, 0.33649950004438889)
(377, 5, 0.41729733477187958)
(377, 6, 0.337017721454973)
(377, 9, 0.3676980762429134)
(377, 3, 0.38179910624946833)
(377, 1, 0.33854427076486115)
(377, 8, nan)
(377, 2, 0.30821887869676901)
(377, 7, 0.26163334560771667)
(378, 4, 0.26527598480298242)
(378, 5, 0.32543261730577189)
(378, 6, 0.30531646066476092)
(378, 9, 0.25143326224797691)
(378, 3, 0.3049817115888902)
(378, 1, 0.24832725498221064)
(378, 8, nan)
(378, 2, 0.25665356459828059)
(378, 7, 0.20610561920694159)
(379, 4, 0.30002440370399674)
(379, 5, 0.26958628125656703)
(379, 6, 0.25835495282012566)
(379, 9, 0.28690018073543211)
(379, 3, 0.29511258601850843)
(379, 1, 0.22456690670481327)
(379, 8, nan)
(379, 2, 0.2812877841265492)
(379, 7, 0.18378988223894033)
(380, 4, 0.23424664212494195)
(380, 5, 0.2971922332361161)
(380, 6, 0.26245147549943759)
(380, 9, 0.36998507994672414)
(380, 3, 0.28351884797605342)
(380, 1, 0.24216318350571542)
(380, 8, nan)
(380, 2, 0.25744054408921913)
(380, 7, 0.2143603393765261)
(381, 4, 0.31596354332885823)
(381, 5, 0.38549089317853369)
(381, 6, 0.33446973435775185)
(381, 9, 0.52157036027241943)
(381, 3, 0.39512073800920811)
(381, 1, 0.28066183959131541)
(381, 8, nan)
(381, 2, 0.32780562013861514)
(381, 7, 0.2872666336949109)
(382, 4, 0.33999075437391713)
(382, 5, 0.49007715871553625)
(382, 6, 0.48862884335026757)
(382, 9, 0.38067324738604846)
(382, 3, 0.46191937267226135)
(382, 1, 0.40875820802349372)
(382, 8, nan)
(382, 2, 0.36352265710350917)
(382, 7, 0.35942835748329471)
(383, 4, 0.46498927721845995)
(383, 5, 0.50252700034395059)
(383, 6, 0.51906244703928806)
(383, 9, 0.38229847106799686)
(383, 3, 0.51705411766187337)
(383, 1, 0.43828096515512005)
(383, 8, nan)
(383, 2, 0.47097615472857324)
(383, 7, 0.43300240955333891)
(384, 4, 0.29529428898041565)
(384, 5, 0.34347569288627833)
(384, 6, 0.35744990667442655)
(384, 9, 0.27170405209451842)
(384, 3, 0.35969759396180834)
(384, 1, 0.2950171567358818)
(384, 8, nan)
(384, 2, 0.30045099538883779)
(384, 7, 0.28631055070142386)
(385, 4, 0.29110994643893051)
(385, 5, 0.3736219024095544)
(385, 6, 0.35264347411951635)
(385, 9, 0.35316491115136484)
(385, 3, 0.36801081305794769)
(385, 1, 0.32096772914110216)
(385, 8, nan)
(385, 2, 0.26738722331369469)
(385, 7, 0.27255403381915921)
(386, 4, 0.2674876201110683)
(386, 5, 0.3665392746121181)
(386, 6, 0.33851984241171151)
(386, 9, 0.29445200677380734)
(386, 3, 0.35200362194254042)
(386, 1, 0.28186623985147463)
(386, 8, nan)
(386, 2, 0.23471954990794097)
(386, 7, 0.30676156829303514)
(391, 4, 0.21732691215651523)
(391, 5, 0.35698081370109613)
(391, 6, 0.3562444926506585)
(391, 9, 0.23644197935058808)
(391, 3, 0.33125082244594628)
(391, 1, 0.31848890412867292)
(391, 8, nan)
(391, 2, 0.23592452926322038)
(391, 7, 0.29396969871190626)
(392, 4, 0.28058749116247084)
(392, 5, 0.34337176717821172)
(392, 6, 0.37738490772466027)
(392, 9, 0.16242832829597742)
(392, 3, 0.36118612445479559)
(392, 1, 0.32182336379800836)
(392, 8, nan)
(392, 2, 0.32279511191541022)
(392, 7, 0.39307335545890765)
(393, 4, 0.34100898612064667)
(393, 5, 0.35670493025867955)
(393, 6, 0.35289825115963258)
(393, 9, 0.28334095137355653)
(393, 3, 0.34534538363225931)
(393, 1, 0.31741618152592899)
(393, 8, nan)
(393, 2, 0.34277348955417675)
(393, 7, 0.23668583643597707)
(394, 4, 0.37761179740381134)
(394, 5, 0.43888858441944245)
(394, 6, 0.41142434518793558)
(394, 9, 0.33162207187614401)
(394, 3, 0.41242590131899903)
(394, 1, 0.40772328587650142)
(394, 8, nan)
(394, 2, 0.35909360779171762)
(394, 7, 0.32114549972333828)
(395, 4, 0.25118191758767994)
(395, 5, 0.41565186565311041)
(395, 6, 0.40284935628649032)
(395, 9, 0.37226181087939869)
(395, 3, 0.41050420278174271)
(395, 1, 0.31499938525935445)
(395, 8, nan)
(395, 2, 0.23266509101594457)
(395, 7, 0.28487232050931244)
(396, 4, 0.30598512553701407)
(396, 5, 0.30122977963831654)
(396, 6, 0.26969527073626254)
(396, 9, 0.36792988827600426)
(396, 3, 0.31288916898410613)
(396, 1, 0.24606392552486567)
(396, 8, nan)
(396, 2, 0.34341107311689645)
(396, 7, 0.1993680510959317)
(397, 4, 0.29346487079951156)
(397, 5, 0.36792583091304421)
(397, 6, 0.39683294082268139)
(397, 9, 0.18885405050656379)
(397, 3, 0.37522740359322271)
(397, 1, 0.33938554513219765)
(397, 8, nan)
(397, 2, 0.30991031666666424)
(397, 7, 0.36005375687100671)
(398, 4, 0.25258822191159847)
(398, 5, 0.40281345718300643)
(398, 6, 0.38960518496997631)
(398, 9, 0.37588774038059758)
(398, 3, 0.38765711668744096)
(398, 1, 0.37974759481957043)
(398, 8, nan)
(398, 2, 0.26090286789521788)
(398, 7, 0.27079274872634329)
(399, 4, 0.19134876164755166)
(399, 5, 0.24190026426537781)
(399, 6, 0.22592442484485131)
(399, 9, 0.18120968490782374)
(399, 3, 0.20476975271031184)
(399, 1, 0.23369511296696599)
(399, 8, nan)
(399, 2, 0.21085965416410535)
(399, 7, 0.17126862998057457)
(401, 4, 0.22817627008800712)
(401, 5, 0.34474023847072433)
(401, 6, 0.3602848128410614)
(401, 9, 0.26626323979851041)
(401, 3, 0.34073809388248677)
(401, 1, 0.28398236475740024)
(401, 8, nan)
(401, 2, 0.23835474144488089)
(401, 7, 0.32088818685184783)
(402, 4, 0.091357291499208015)
(402, 5, 0.2301721861540772)
(402, 6, 0.29624369993736144)
(402, 9, 0.11350926918084325)
(402, 3, 0.22447879923607394)
(402, 1, 0.19918783210028979)
(402, 8, nan)
(402, 2, 0.13351220252219353)
(402, 7, 0.32489563331927407)
(403, 4, 0.35544009893579753)
(403, 5, 0.39304620329439799)
(403, 6, 0.36661805829208072)
(403, 9, 0.31342237813082607)
(403, 3, 0.33751719999870933)
(403, 1, 0.39811718528678897)
(403, 8, nan)
(403, 2, 0.36924620364901095)
(403, 7, 0.15212144858014898)
(404, 4, 0.18650175803706825)
(404, 5, 0.33034193193549499)
(404, 6, 0.33056746793241443)
(404, 9, 0.25364622995978214)
(404, 3, 0.29342472718155688)
(404, 1, 0.25637238947654306)
(404, 8, nan)
(404, 2, 0.17797334567847944)
(404, 7, 0.25550514660521806)
(405, 4, 0.29545203807086917)
(405, 5, 0.40949509451809663)
(405, 6, 0.3999545427584138)
(405, 9, 0.42959409420032002)
(405, 3, 0.41260582306766791)
(405, 1, 0.29453271343091214)
(405, 8, nan)
(405, 2, 0.29344224166581556)
(405, 7, 0.35471481118267456)
(406, 4, 0.24587277308965561)
(406, 5, 0.41174353607721337)
(406, 6, 0.41767728551125793)
(406, 9, 0.34377375798711096)
(406, 3, 0.37530735792609216)
(406, 1, 0.31211593114749259)
(406, 8, nan)
(406, 2, 0.25448853723268838)
(406, 7, 0.43826677282606308)
(409, 4, 0.16438205999121258)
(409, 5, 0.22741346974737775)
(409, 6, 0.18967613422243823)
(409, 9, 0.31049481554905589)
(409, 3, 0.2182559642898606)
(409, 1, 0.15266086801690304)
(409, 8, nan)
(409, 2, 0.16213820951445668)
(409, 7, 0.16219816921119112)
(410, 4, 0.29799142732198813)
(410, 5, 0.35404750801628748)
(410, 6, 0.36053262445408052)
(410, 9, 0.23319245611006001)
(410, 3, 0.35862257267237174)
(410, 1, 0.24200698031117618)
(410, 8, nan)
(410, 2, 0.27110743803863313)
(410, 7, 0.28615938220955572)
(411, 4, 0.25523887923569366)
(411, 5, 0.28683432803702247)
(411, 6, 0.31732732280644149)
(411, 9, 0.1704642354505268)
(411, 3, 0.27045063834337424)
(411, 1, 0.27821787235247519)
(411, 8, nan)
(411, 2, 0.26803966750083386)
(411, 7, 0.25459170645411411)
(415, 4, 0.086149240277308525)
(415, 5, 0.20667421579910816)
(415, 6, 0.20528248840335683)
(415, 9, 0.095283983869151934)
(415, 3, 0.17447414322733223)
(415, 1, 0.15425957590137118)
(415, 8, nan)
(415, 2, 0.10535796416255883)
(415, 7, 0.18450488467948067)
(416, 4, 0.27711398151261846)
(416, 5, 0.40859495210178032)
(416, 6, 0.38156192189245841)
(416, 9, 0.32905095561375242)
(416, 3, 0.34654707182066791)
(416, 1, 0.33712860557767699)
(416, 8, nan)
(416, 2, 0.27694536755987853)
(416, 7, 0.2844977615452936)
(417, 4, 0.28537811084930387)
(417, 5, 0.37041672318635888)
(417, 6, 0.37356605924515285)
(417, 9, 0.20974801867935744)
(417, 3, 0.30252280500553586)
(417, 1, 0.33961855058385804)
(417, 8, nan)
(417, 2, 0.31093712145847674)
(417, 7, 0.20005297928648058)
(418, 4, 0.35994312060692191)
(418, 5, 0.40323111180048543)
(418, 6, 0.34255805241671422)
(418, 9, 0.37915967198946465)
(418, 3, 0.36261495212154538)
(418, 1, 0.32391304544866595)
(418, 8, nan)
(418, 2, 0.35197842608411856)
(418, 7, 0.25602311999182636)
(421, 4, 0.36025091366026207)
(421, 5, 0.3681223269148759)
(421, 6, 0.36527782256617436)
(421, 9, 0.31757818913195179)
(421, 3, 0.40777810527655878)
(421, 1, 0.30446541579906627)
(421, 8, nan)
(421, 2, 0.32045589729130763)
(421, 7, 0.30174230418484338)
(423, 4, 0.13974570495252536)
(423, 5, 0.18337823547314136)
(423, 6, 0.18075856747859564)
(423, 9, 0.13919901974999749)
(423, 3, 0.19039561406081629)
(423, 1, 0.1443045241078651)
(423, 8, nan)
(423, 2, 0.11182061190026538)
(423, 7, 0.19188419327450945)
(424, 4, 0.28705223495551335)
(424, 5, 0.35191459949527992)
(424, 6, 0.35710399166990148)
(424, 9, 0.37887667857409268)
(424, 3, 0.41764918193014067)
(424, 1, 0.25003083485914424)
(424, 8, nan)
(424, 2, 0.22935515858905575)
(424, 7, 0.28551929844844071)
(425, 4, 0.32402728737368913)
(425, 5, 0.46597654876541172)
(425, 6, 0.4403473345095783)
(425, 9, 0.37518699750466311)
(425, 3, 0.39141732051379474)
(425, 1, 0.43305609822073809)
(425, 8, nan)
(425, 2, 0.34381625238969016)
(425, 7, 0.31485805400546207)
(426, 4, 0.46252760839880436)
(426, 5, 0.41745002565541078)
(426, 6, 0.40860662224953848)
(426, 9, 0.39701115406486587)
(426, 3, 0.47751459687191922)
(426, 1, 0.33807232551702215)
(426, 8, nan)
(426, 2, 0.39438040066498314)
(426, 7, 0.34254162344345285)
(427, 4, 0.48233453524284764)
(427, 5, 0.34629305514958508)
(427, 6, 0.37737362414748776)
(427, 9, 0.18174354784431379)
(427, 3, 0.36113861349592646)
(427, 1, 0.36003266656110799)
(427, 8, nan)
(427, 2, 0.49880435736892292)
(427, 7, 0.26730137469942139)
(428, 4, 0.33863513331623529)
(428, 5, 0.36379793099429758)
(428, 6, 0.35612360261367992)
(428, 9, 0.28474670344666753)
(428, 3, 0.35637820397547793)
(428, 1, 0.28544872085795348)
(428, 8, nan)
(428, 2, 0.32025462159104756)
(428, 7, 0.25042005256812927)
(430, 4, 0.22162823185717428)
(430, 5, 0.28090957331381161)
(430, 6, 0.27877395466881372)
(430, 9, 0.18819768053458374)
(430, 3, 0.23168628602260743)
(430, 1, 0.2336660238061945)
(430, 8, nan)
(430, 2, 0.22283387603097227)
(430, 7, 0.16945116750031008)
(431, 4, 0.2787644576126469)
(431, 5, 0.44786965926191857)
(431, 6, 0.43988282064852569)
(431, 9, 0.37961371632178087)
(431, 3, 0.42462451838649118)
(431, 1, 0.42188789362025814)
(431, 8, nan)
(431, 2, 0.28392143167036576)
(431, 7, 0.34179993596616676)
(432, 4, 0.1868339033329881)
(432, 5, 0.14667617474136319)
(432, 6, 0.15261439796265963)
(432, 9, 0.031103657213968905)
(432, 3, 0.10990998792881557)
(432, 1, 0.19453689135005259)
(432, 8, nan)
(432, 2, 0.20897054933371684)
(432, 7, 0.044822458320056269)
(433, 4, 0.30781966013209661)
(433, 5, 0.3689488242836515)
(433, 6, 0.34611012350558967)
(433, 9, 0.3283859702256553)
(433, 3, 0.36107851043883332)
(433, 1, 0.33185157519276476)
(433, 8, nan)
(433, 2, 0.26726968449543165)
(433, 7, 0.23352881359100408)
(435, 4, 0.23763687830940483)
(435, 5, 0.28702815678784177)
(435, 6, 0.33844864137052144)
(435, 9, 0.25284476721851801)
(435, 3, 0.32217194737295651)
(435, 1, 0.24244319983953733)
(435, 8, nan)
(435, 2, 0.25009559576581109)
(435, 7, 0.36425677061961614)
(436, 4, 0.22047379082770502)
(436, 5, 0.28552506260357369)
(436, 6, 0.29089498958038362)
(436, 9, 0.13281721826201598)
(436, 3, 0.25475139456382623)
(436, 1, 0.26657022885210613)
(436, 8, nan)
(436, 2, 0.23793704873369026)
(436, 7, 0.18926796720536121)
(438, 4, 0.22170825378492176)
(438, 5, 0.29358716214638414)
(438, 6, 0.33367002896376929)
