(0, 4, 0.17152485059555533)
(0, 5, 0.28671116283101195)
(0, 6, 0.25890862243740287)
(0, 9, 0.16093057026103152)
(0, 3, 0.22107833278199807)
(0, 1, 0.27855253948438263)
(0, 8, nan)
(0, 2, 0.19184018744699882)
(0, 7, 0.15895177618644807)
(2, 4, 0.23676505989848351)
(2, 5, 0.26524153404515105)
(2, 6, 0.3115625222052516)
(2, 9, 0.22478786643969673)
(2, 3, 0.30989003377499258)
(2, 1, 0.27256878856313771)
(2, 8, nan)
(2, 2, 0.26966463575430555)
(2, 7, 0.27935641765580477)
(6, 4, 0.10736334070914721)
(6, 5, 0.092822916655443732)
(6, 6, 0.089777672590115376)
(6, 9, 0.086026002901701037)
(6, 3, 0.10454652713674983)
(6, 1, 0.096115385304100798)
(6, 8, nan)
(6, 2, 0.11764008122649972)
(6, 7, 0.069155732642855017)
(7, 4, 0.19181264778870366)
(7, 5, 0.26656661882861599)
(7, 6, 0.26944225852168391)
(7, 9, 0.15545383794882106)
(7, 3, 0.25084561113120962)
(7, 1, 0.23484410958784219)
(7, 8, nan)
(7, 2, 0.2019096222330542)
(7, 7, 0.22134235541244274)
(9, 4, 0.26201477216468216)
(9, 5, 0.32581518557484346)
(9, 6, 0.28250660639832725)
(9, 9, 0.42359237564876928)
(9, 3, 0.31588039299827264)
(9, 1, 0.25673144314386775)
(9, 8, nan)
(9, 2, 0.28011360402614294)
(9, 7, 0.21972251501821194)
(10, 4, 0.32638224456023124)
(10, 5, 0.29556768003982248)
(10, 6, 0.32282162393223102)
(10, 9, 0.080051909705001978)
(10, 3, 0.30830101224353124)
(10, 1, 0.2668267724116582)
(10, 8, nan)
(10, 2, 0.3482362674421442)
(10, 7, 0.29614089194149973)
(11, 4, 0.27702991677414057)
(11, 5, 0.36142843492620125)
(11, 6, 0.31065167266775706)
(11, 9, 0.31689013681782252)
(11, 3, 0.30133191190409514)
(11, 1, 0.26358850558708924)
(11, 8, nan)
(11, 2, 0.23398061822503524)
(11, 7, 0.2261362102285045)
(12, 4, 0.12754939889473449)
(12, 5, 0.3317454102670645)
(12, 6, 0.3222316662267366)
(12, 9, 0.14665763619280914)
(12, 3, 0.26332712299515715)
(12, 1, 0.26599961063882183)
(12, 8, nan)
(12, 2, 0.15814816119739239)
(12, 7, 0.28284279864624307)
(15, 4, 0.28575655725980287)
(15, 5, 0.38569753599968704)
(15, 6, 0.41113892951596753)
(15, 9, 0.35687401442747313)
(15, 3, 0.39998758502106979)
(15, 1, 0.32154542702967481)
(15, 8, nan)
(15, 2, 0.33521059665623054)
(15, 7, 0.39244221067396456)
(16, 4, 0.36988225166529665)
(16, 5, 0.4109215239126589)
(16, 6, 0.36564665282004782)
(16, 9, 0.36400583081865212)
(16, 3, 0.38550068527129033)
(16, 1, 0.30575845733819595)
(16, 8, nan)
(16, 2, 0.32797771213156435)
(16, 7, 0.24760110377122491)
(17, 4, 0.40754909050051058)
(17, 5, 0.4520952772563227)
(17, 6, 0.44636224646848355)
(17, 9, 0.26985796207661217)
(17, 3, 0.42915922656390804)
(17, 1, 0.39140386733552335)
(17, 8, nan)
(17, 2, 0.43087038649495557)
(17, 7, 0.33924053124127918)
(18, 4, 0.26312888948974122)
(18, 5, 0.39277046577597874)
(18, 6, 0.36240402473033728)
(18, 9, 0.28741015226600541)
(18, 3, 0.33966511106858421)
(18, 1, 0.2697261100599011)
(18, 8, nan)
(18, 2, 0.22086493752852487)
(18, 7, 0.26016612091844515)
(19, 4, 0.3272137303385767)
(19, 5, 0.38760231460478134)
(19, 6, 0.33889124360711187)
(19, 9, 0.39850554513645053)
(19, 3, 0.3646663175654381)
(19, 1, 0.31892143858193789)
(19, 8, nan)
(19, 2, 0.29366651727128257)
(19, 7, 0.25728741671436062)
(20, 4, 0.18507483672011849)
(20, 5, 0.28618496086149636)
(20, 6, 0.26109440582813215)
(20, 9, 0.2836331727677559)
(20, 3, 0.26729310148369045)
(20, 1, 0.22892005916734415)
(20, 8, nan)
(20, 2, 0.17208448255050335)
(20, 7, 0.20733113362245614)
(21, 4, 0.39797396655273443)
(21, 5, 0.4444381242894454)
(21, 6, 0.43931322799150907)
(21, 9, 0.41828032211788879)
(21, 3, 0.41588882819336037)
(21, 1, 0.44128317978755771)
(21, 8, nan)
(21, 2, 0.41707569432482616)
(21, 7, 0.23425251805435132)
(22, 4, 0.34399784722087401)
(22, 5, 0.4045799508007315)
(22, 6, 0.41177494959277683)
(22, 9, 0.3796908215466005)
(22, 3, 0.42853790723069463)
(22, 1, 0.32720955501634075)
(22, 8, nan)
(22, 2, 0.33199288200839061)
(22, 7, 0.35529938931262783)
(23, 4, 0.15057784784551953)
(23, 5, 0.30145658459869684)
(23, 6, 0.28903680950554056)
(23, 9, 0.13360155809851593)
(23, 3, 0.26276438616308229)
(23, 1, 0.24343523709697779)
(23, 8, nan)
(23, 2, 0.16227035024281866)
(23, 7, 0.31774720767902909)
(24, 4, 0.32300645314764165)
(24, 5, 0.29235055824924183)
(24, 6, 0.31078653977851955)
(24, 9, 0.26452582134376157)
(24, 3, 0.31293323881694501)
(24, 1, 0.33056879178380894)
(24, 8, nan)
(24, 2, 0.36423711270491088)
(24, 7, 0.14766748459630497)
(25, 4, 0.29528461019995145)
(25, 5, 0.41426702796533377)
(25, 6, 0.4338785262922169)
(25, 9, 0.22120451350613091)
(25, 3, 0.37092458674302586)
(25, 1, 0.34072738383801315)
(25, 8, nan)
(25, 2, 0.30860116874939103)
(25, 7, 0.31728971169327835)
(26, 4, 0.39168605146338198)
(26, 5, 0.47039885266422821)
(26, 6, 0.52242258017326249)
(26, 9, 0.24842054747876086)
(26, 3, 0.47133104593340047)
(26, 1, 0.42927295613649052)
(26, 8, nan)
(26, 2, 0.41412665600822085)
(26, 7, 0.50329118485988222)
(29, 4, 0.19756792649238575)
(29, 5, 0.20186421758663187)
(29, 6, 0.15815832865307067)
(29, 9, 0.30007085493190733)
(29, 3, 0.19822671462607189)
(29, 1, 0.12194063566660573)
(29, 8, nan)
(29, 2, 0.14146107309771849)
(29, 7, 0.10348374457724296)
(30, 4, 0.20236767005395206)
(30, 5, 0.35900828560180065)
(30, 6, 0.29080288745965066)
(30, 9, 0.23513444141652173)
(30, 3, 0.23882096138893161)
(30, 1, 0.33207170982117462)
(30, 8, nan)
(30, 2, 0.19847110626950926)
(30, 7, 0.12537907767113277)
(32, 4, 0.31990126623314563)
(32, 5, 0.32744266682164191)
(32, 6, 0.32087633423079642)
(32, 9, 0.29644364214984487)
(32, 3, 0.33838524079029098)
(32, 1, 0.25895551173532971)
(32, 8, nan)
(32, 2, 0.28721809818444055)
(32, 7, 0.19938773736668591)
(33, 4, 0.26942382865020398)
(33, 5, 0.38319980415560972)
(33, 6, 0.38114965030346371)
(33, 9, 0.24304698249320633)
(33, 3, 0.40082347054227974)
(33, 1, 0.34162644795987807)
(33, 8, nan)
(33, 2, 0.30482543426034159)
(33, 7, 0.38834326336053293)
(34, 4, 0.23368247390059982)
(34, 5, 0.35723612499710244)
(34, 6, 0.35226241840611427)
(34, 9, 0.166877160048301)
(34, 3, 0.24853885380205964)
(34, 1, 0.34342989430993476)
(34, 8, nan)
(34, 2, 0.25742879210372815)
(34, 7, 0.20848696969875757)
(35, 4, 0.36058490194272608)
(35, 5, 0.36836221349460185)
(35, 6, 0.3694289270945823)
(35, 9, 0.26578415341750083)
(35, 3, 0.37547042639036321)
(35, 1, 0.29842798401352488)
(35, 8, nan)
(35, 2, 0.33885870845554444)
(35, 7, 0.23348442800052127)
(37, 4, 0.38644419000734342)
(37, 5, 0.44783980739175389)
(37, 6, 0.42435909011563977)
(37, 9, 0.38162381456461569)
(37, 3, 0.46885834795385173)
(37, 1, 0.32838518759822799)
(37, 8, nan)
(37, 2, 0.34539051241525898)
(37, 7, 0.34083735692371064)
(38, 4, 0.35101553014215048)
(38, 5, 0.39452237970019688)
(38, 6, 0.40927488166755577)
(38, 9, 0.27062819945876315)
(38, 3, 0.40155058681624989)
(38, 1, 0.33896232553315042)
(38, 8, nan)
(38, 2, 0.35170183924501064)
(38, 7, 0.35802065202450128)
(39, 4, 0.44520472986142012)
(39, 5, 0.47680119228067874)
(39, 6, 0.42114903498314771)
(39, 9, 0.44192157890068851)
(39, 3, 0.47290665219169559)
(39, 1, 0.36762978535143331)
(39, 8, nan)
(39, 2, 0.3618876482707476)
(39, 7, 0.36713960427534009)
(40, 4, 0.40402972550453975)
(40, 5, 0.47964862843449207)
(40, 6, 0.46013169966524836)
(40, 9, 0.35158326107832083)
(40, 3, 0.44960425921477354)
(40, 1, 0.36309232002756842)
(40, 8, nan)
(40, 2, 0.35832524788405484)
(40, 7, 0.3204432207705521)
(42, 4, 0.24467918193816496)
(42, 5, 0.30775920239577093)
(42, 6, 0.26612376222154199)
(42, 9, 0.45310801060078576)
(42, 3, 0.28946198746846552)
(42, 1, 0.24724573340612055)
(42, 8, nan)
(42, 2, 0.25662239089485994)
(42, 7, 0.20363108908151262)
(43, 4, 0.10853022373568511)
(43, 5, 0.26080662757090634)
(43, 6, 0.27732891300095019)
(43, 9, 0.12813059776875269)
(43, 3, 0.2241695559181881)
(43, 1, 0.22224982008564709)
(43, 8, nan)
(43, 2, 0.13187710147131859)
(43, 7, 0.26338181757872248)
(44, 4, 0.17889376456270789)
(44, 5, 0.20583085775733645)
(44, 6, 0.22437782708397047)
(44, 9, 0.16283677947597242)
(44, 3, 0.21112470539508066)
(44, 1, 0.22335946837978149)
(44, 8, nan)
(44, 2, 0.18912873449803169)
(44, 7, 0.15525583846606184)
(46, 4, 0.31936386004298023)
(46, 5, 0.4161086512960579)
(46, 6, 0.40473053504065759)
(46, 9, 0.36468009141066915)
(46, 3, 0.44415900044601031)
(46, 1, 0.34661885097509271)
(46, 8, nan)
(46, 2, 0.29741010689171832)
(46, 7, 0.33780028408325458)
(47, 4, 0.11448411413250403)
(47, 5, 0.20337705170575715)
(47, 6, 0.20971772646632347)
(47, 9, 0.1325144397322231)
(47, 3, 0.18331360720333145)
(47, 1, 0.16426036212878614)
(47, 8, nan)
(47, 2, 0.12450033184917242)
(47, 7, 0.16083020694176109)
(50, 4, 0.31065707532630937)
(50, 5, 0.27635663198441218)
(50, 6, 0.31637351637104605)
(50, 9, 0.24730900002915635)
(50, 3, 0.32540506406856562)
(50, 1, 0.2726536345355457)
(50, 8, nan)
(50, 2, 0.31749461698988501)
(50, 7, 0.21398560374417952)
(51, 4, 0.37824474500366345)
(51, 5, 0.32325078367243942)
(51, 6, 0.35703118304169856)
(51, 9, 0.17541833018076147)
(51, 3, 0.34198919005483219)
(51, 1, 0.31523224500430458)
(51, 8, nan)
(51, 2, 0.40378013188124462)
(51, 7, 0.29872642570577357)
(52, 4, 0.29929451313543276)
(52, 5, 0.42952480748222999)
(52, 6, 0.41244561096457044)
(52, 9, 0.37385052988212308)
(52, 3, 0.3705551934316369)
(52, 1, 0.40040969811268257)
(52, 8, nan)
(52, 2, 0.28396909598550901)
(52, 7, 0.2507350382461635)
(53, 4, 0.22484630692840757)
(53, 5, 0.32591487534866181)
(53, 6, 0.29835107477862244)
(53, 9, 0.25190361801869887)
(53, 3, 0.29794316036378321)
(53, 1, 0.21241871473948737)
(53, 8, nan)
(53, 2, 0.2012432191052721)
(53, 7, 0.33350966919168201)
(54, 4, 0.24166724506406567)
(54, 5, 0.35364797169704421)
(54, 6, 0.35154944125369214)
(54, 9, 0.25069083653255642)
(54, 3, 0.32249621997114764)
(54, 1, 0.29008748898359815)
(54, 8, nan)
(54, 2, 0.25254314849247383)
(54, 7, 0.35706901455954521)
(55, 4, 0.26478277083958313)
(55, 5, 0.41969125088484271)
(55, 6, 0.35789845695169187)
(55, 9, 0.36628371613562738)
(55, 3, 0.36304879205639584)
(55, 1, 0.33724497654580388)
(55, 8, nan)
(55, 2, 0.25760141959551497)
(55, 7, 0.19401414926511606)
(56, 4, 0.21193582493375063)
(56, 5, 0.35118557747818002)
(56, 6, 0.31924128876110713)
(56, 9, 0.31567694313280648)
(56, 3, 0.33362503327700677)
(56, 1, 0.28023733337485157)
(56, 8, nan)
(56, 2, 0.19831466045629753)
(56, 7, 0.25690974292918822)
(58, 4, 0.26023142167930335)
(58, 5, 0.27547671198052581)
(58, 6, 0.27624950321799424)
(58, 9, 0.21733547754551885)
(58, 3, 0.29284643730645898)
(58, 1, 0.23373714516196664)
(58, 8, nan)
(58, 2, 0.2234580974535938)
(58, 7, 0.22822692975400949)
(59, 4, 0.31643708629123979)
(59, 5, 0.33830255247115315)
(59, 6, 0.31159910232841681)
(59, 9, 0.29671824560157756)
(59, 3, 0.29501124467133399)
(59, 1, 0.29513368927558314)
(59, 8, nan)
(59, 2, 0.31249525302258552)
(59, 7, 0.14560244373207387)
(60, 4, 0.35702043962181895)
(60, 5, 0.35953471337955101)
(60, 6, 0.3648084256144184)
(60, 9, 0.24637765982818249)
(60, 3, 0.35500732947802582)
(60, 1, 0.34575697004449901)
(60, 8, nan)
(60, 2, 0.37399298341278464)
(60, 7, 0.23520259732774673)
(61, 4, 0.23267835410824977)
(61, 5, 0.29043852400645676)
(61, 6, 0.30470337590725372)
(61, 9, 0.22003754732244007)
(61, 3, 0.2990745228706021)
(61, 1, 0.25456774474897581)
(61, 8, nan)
(61, 2, 0.23181846776495396)
(61, 7, 0.28962388336303069)
(63, 4, 0.30949396048112354)
(63, 5, 0.3055593282987128)
(63, 6, 0.29528964943497993)
(63, 9, 0.32599059603171887)
(63, 3, 0.32308238037517523)
(63, 1, 0.3077558941092553)
(63, 8, nan)
(63, 2, 0.34046558428437335)
(63, 7, 0.20994403288948238)
(64, 4, 0.27200731382407373)
(64, 5, 0.36087944671817307)
(64, 6, 0.3551236362797654)
(64, 9, 0.28487928598058732)
(64, 3, 0.34317844232375472)
(64, 1, 0.31180721887388918)
(64, 8, nan)
(64, 2, 0.28426214567650843)
(64, 7, 0.29137569152094844)
(66, 4, 0.48713488371979707)
(66, 5, 0.45673309475795432)
(66, 6, 0.42932527885552707)
(66, 9, 0.43226942051672146)
(66, 3, 0.46057913487002022)
(66, 1, 0.33391045460673519)
(66, 8, nan)
(66, 2, 0.42943488172339017)
(66, 7, 0.26178985787857079)
(67, 4, 0.24539648181090812)
(67, 5, 0.25928405219730433)
(67, 6, 0.26381525330560018)
(67, 9, 0.29201790636587344)
(67, 3, 0.28375759562670377)
(67, 1, 0.20638684150239417)
(67, 8, nan)
(67, 2, 0.2488409890710428)
(67, 7, 0.23192368875669311)
(68, 4, 0.33714225755955707)
(68, 5, 0.3639330404450587)
(68, 6, 0.32038509006515148)
(68, 9, 0.5087297528734388)
(68, 3, 0.36566704578876608)
(68, 1, 0.29470095572261945)
(68, 8, nan)
(68, 2, 0.3453159543186145)
(68, 7, 0.25685004826813285)
(70, 4, 0.23991657696942237)
(70, 5, 0.34460069742442079)
(70, 6, 0.35384523213474273)
(70, 9, 0.26476890741980241)
(70, 3, 0.34008801847992443)
(70, 1, 0.26799121255293334)
(70, 8, nan)
(70, 2, 0.25526009122446003)
(70, 7, 0.30570585915375081)
(71, 4, 0.39848752480595218)
(71, 5, 0.33991248887379033)
(71, 6, 0.34752749170111108)
(71, 9, 0.22550345318846632)
(71, 3, 0.33626964780198776)
(71, 1, 0.34349293622888499)
(71, 8, nan)
(71, 2, 0.38769648445274418)
(71, 7, 0.19589393649286146)
(72, 4, 0.19526139496079986)
(72, 5, 0.29585115215200974)
(72, 6, 0.26971132227167827)
(72, 9, 0.33197946201774542)
(72, 3, 0.28616938595974128)
(72, 1, 0.23951953356420208)
(72, 8, nan)
(72, 2, 0.1790972200665697)
(72, 7, 0.16000173355973302)
(73, 4, 0.26277693889211595)
(73, 5, 0.34901925824531554)
(73, 6, 0.34280325399020173)
(73, 9, 0.23124845321549303)
(73, 3, 0.34028352358325076)
(73, 1, 0.31111142825126226)
(73, 8, nan)
(73, 2, 0.2685098327928237)
(73, 7, 0.30543768108333014)
(74, 4, 0.28838224780126964)
(74, 5, 0.37290760849826976)
(74, 6, 0.31885741441733395)
(74, 9, 0.51571540131368454)
(74, 3, 0.34942070939748127)
(74, 1, 0.25272071033726851)
(74, 8, nan)
(74, 2, 0.30399107050692753)
(74, 7, 0.26079862919882979)
(75, 4, 0.19236522274026502)
(75, 5, 0.24491722642706515)
(75, 6, 0.29779869730790298)
(75, 9, 0.15012938245212193)
(75, 3, 0.27505684293195776)
(75, 1, 0.26391823362330291)
(75, 8, nan)
(75, 2, 0.22637268590597714)
(75, 7, 0.2608349603470943)
(78, 4, 0.1329743726916075)
(78, 5, 0.21739814478434683)
(78, 6, 0.20397910838688538)
(78, 9, 0.17010025732177858)
(78, 3, 0.18595269168479267)
(78, 1, 0.16983885731185655)
(78, 8, nan)
(78, 2, 0.14479880573454706)
(78, 7, 0.16736425283073642)
(79, 4, 0.19649016888196502)
(79, 5, 0.34913038754388359)
(79, 6, 0.36652432980270155)
(79, 9, 0.35195836761154708)
(79, 3, 0.33179109580207666)
(79, 1, 0.37694602112812159)
(79, 8, nan)
(79, 2, 0.22005966901979646)
(79, 7, 0.35526623735829577)
(80, 4, 0.20800381616386698)
(80, 5, 0.32600539223987179)
(80, 6, 0.31271088695757088)
(80, 9, 0.22599453584374696)
(80, 3, 0.26948461772490417)
(80, 1, 0.26809492261505352)
(80, 8, nan)
(80, 2, 0.20667683823607952)
(80, 7, 0.2072996753969264)
(81, 4, 0.3570870720334125)
(81, 5, 0.40781094633620441)
(81, 6, 0.47183101785036108)
(81, 9, 0.27432938106188498)
(81, 3, 0.41516667945579888)
(81, 1, 0.3568492801861145)
(81, 8, nan)
(81, 2, 0.39274320661383944)
(81, 7, 0.41555309208124225)
(82, 4, 0.36376723082999041)
(82, 5, 0.4640310254146871)
(82, 6, 0.41438566825569301)
(82, 9, 0.32452404532347967)
(82, 3, 0.40615446530366839)
(82, 1, 0.38956856375517757)
(82, 8, nan)
(82, 2, 0.35828646317099522)
(82, 7, 0.32901889885421221)
(83, 4, 0.3905423675579911)
(83, 5, 0.4183593909041381)
(83, 6, 0.38963423557390486)
(83, 9, 0.3942581527156156)
(83, 3, 0.43128951931169457)
(83, 1, 0.32461956436769279)
(83, 8, nan)
(83, 2, 0.32561463716968331)
(83, 7, 0.33235561221883692)
(84, 4, 0.22184045361457327)
(84, 5, 0.32894278078071826)
(84, 6, 0.32291721352111069)
(84, 9, 0.35198391011602737)
(84, 3, 0.36835526205124824)
(84, 1, 0.29430530526872201)
(84, 8, nan)
(84, 2, 0.22441980630159175)
(84, 7, 0.32181755052691807)
(85, 4, 0.27684715616114253)
(85, 5, 0.30920528050422502)
(85, 6, 0.27898232920655253)
(85, 9, 0.29104510335946254)
(85, 3, 0.28173834112228247)
(85, 1, 0.28510908077451136)
(85, 8, nan)
(85, 2, 0.28611192637953187)
(85, 7, 0.19541821343105215)
(86, 4, 0.30046726435444993)
(86, 5, 0.4139465114784312)
(86, 6, 0.42215869903271197)
(86, 9, 0.31489497984022874)
(86, 3, 0.42859598099163509)
(86, 1, 0.30016358496285966)
(86, 8, nan)
(86, 2, 0.28522296125511559)
(86, 7, 0.35840865178742431)
(88, 4, 0.21540562107694405)
(88, 5, 0.42347799287677335)
(88, 6, 0.40602307188223785)
(88, 9, 0.26690972031849691)
(88, 3, 0.34844285706237754)
(88, 1, 0.39885647693482451)
(88, 8, nan)
(88, 2, 0.20818860978439302)
(88, 7, 0.35968987511448258)
(89, 4, 0.3639794250142685)
(89, 5, 0.44126954475329572)
(89, 6, 0.4605805092457157)
(89, 9, 0.31246017510804636)
(89, 3, 0.44487297999771858)
(89, 1, 0.43041559856870371)
(89, 8, nan)
(89, 2, 0.38027400384608046)
(89, 7, 0.41334520414844467)
(90, 4, 0.34367424108147204)
(90, 5, 0.349442544242478)
(90, 6, 0.34706695351231731)
(90, 9, 0.21445534222309504)
(90, 3, 0.349751627315118)
(90, 1, 0.31190414421943669)
(90, 8, nan)
(90, 2, 0.32652490004903822)
(90, 7, 0.29682797119642879)
(91, 4, 0.28087586900494299)
(91, 5, 0.30181042196589747)
(91, 6, 0.32259181844956053)
(91, 9, 0.23443400029597605)
(91, 3, 0.34436796426442706)
(91, 1, 0.22268351339007852)
(91, 8, nan)
(91, 2, 0.25194273502712972)
(91, 7, 0.31997892033839348)
(92, 4, 0.22012433397215303)
(92, 5, 0.28371141048570592)
(92, 6, 0.33724409037448355)
(92, 9, 0.23528460983257715)
(92, 3, 0.33419755963631204)
(92, 1, 0.22785835807091992)
(92, 8, nan)
(92, 2, 0.21953290442605267)
(92, 7, 0.36652887983963678)
(93, 4, 0.170646063258444)
(93, 5, 0.21074076128923358)
(93, 6, 0.22708147351109687)
(93, 9, 0.1580033474146012)
(93, 3, 0.21524779781228309)
(93, 1, 0.18918948776104882)
(93, 8, nan)
(93, 2, 0.15888901095938712)
(93, 7, 0.15960482564740808)
(94, 4, 0.40934815257123125)
(94, 5, 0.4506003305178593)
(94, 6, 0.43540449665738001)
(94, 9, 0.25941507282167731)
(94, 3, 0.42193411781436851)
(94, 1, 0.39058513296923136)
(94, 8, nan)
(94, 2, 0.43273952323500375)
(94, 7, 0.33754254707795117)
(95, 4, 0.31077876976101715)
(95, 5, 0.32727728910300857)
(95, 6, 0.31808841476520011)
(95, 9, 0.24820278298506415)
(95, 3, 0.30047512048018366)
(95, 1, 0.30510874618297212)
(95, 8, nan)
(95, 2, 0.31254547500733654)
(95, 7, 0.21246564383492283)
(96, 4, 0.30130184570258989)
(96, 5, 0.39263179825048555)
(96, 6, 0.36824909751630397)
(96, 9, 0.24521917776519331)
(96, 3, 0.34867616011864633)
(96, 1, 0.3128124351053867)
(96, 8, nan)
(96, 2, 0.27344839650077457)
(96, 7, 0.30916187365075021)
(97, 4, 0.3389369278881974)
(97, 5, 0.32229368927209512)
(97, 6, 0.35478602062827169)
(97, 9, 0.20048321822011506)
(97, 3, 0.34652674239434478)
(97, 1, 0.30996213046282017)
(97, 8, nan)
(97, 2, 0.349227593265512)
(97, 7, 0.31378125016615166)
(98, 4, 0.1838720741195039)
(98, 5, 0.23278602328949571)
(98, 6, 0.24952795965213104)
(98, 9, 0.19160032454645093)
(98, 3, 0.27599028225592059)
(98, 1, 0.20445791347673659)
(98, 8, nan)
(98, 2, 0.21119189555792839)
(98, 7, 0.21720037535083947)
(99, 4, 0.36379446158581463)
(99, 5, 0.4168161435809199)
(99, 6, 0.39744612395892087)
(99, 9, 0.29186006134688691)
(99, 3, 0.4078308711418005)
(99, 1, 0.3425503231599325)
(99, 8, nan)
(99, 2, 0.34978317868138908)
(99, 7, 0.26140751636271653)
(100, 4, 0.09931943822125)
(100, 5, 0.20236970312959335)
(100, 6, 0.20281113308503007)
(100, 9, 0.078099817270207539)
(100, 3, 0.16421422987382583)
(100, 1, 0.17871392543634557)
(100, 8, nan)
(100, 2, 0.099694415376570755)
(100, 7, 0.2320740784976234)
(101, 4, 0.31740496804041762)
(101, 5, 0.41297331774979473)
(101, 6, 0.4023823184522004)
(101, 9, 0.33271434714899684)
(101, 3, 0.38824045658463568)
(101, 1, 0.32361045217283391)
(101, 8, nan)
(101, 2, 0.29381750580772692)
(101, 7, 0.37515664703131435)
(102, 4, 0.38605863575684285)
(102, 5, 0.36519597061120623)
(102, 6, 0.38023080891690153)
(102, 9, 0.29023783469511866)
(102, 3, 0.40507703649474236)
(102, 1, 0.30109864389743479)
(102, 8, nan)
(102, 2, 0.35969268430723589)
(102, 7, 0.28074118368128553)
(104, 4, 0.24348339442542155)
(104, 5, 0.28767564875859319)
(104, 6, 0.34853358167869486)
(104, 9, 0.29391307164900904)
(104, 3, 0.36856006240957107)
(104, 1, 0.30770617190766747)
(104, 8, nan)
(104, 2, 0.26722744108080665)
(104, 7, 0.29821610330967974)
(105, 4, 0.19905943423073336)
(105, 5, 0.23003935050791091)
(105, 6, 0.20845305914644663)
(105, 9, 0.33338335514053963)
(105, 3, 0.28372041365860179)
(105, 1, 0.13945207506620372)
(105, 8, nan)
(105, 2, 0.16763846457049469)
(105, 7, 0.13203002856654766)
(106, 4, 0.2823842436422761)
(106, 5, 0.29179644095851831)
(106, 6, 0.27753669457375896)
(106, 9, 0.29017310047153888)
(106, 3, 0.32339480055385073)
(106, 1, 0.22028791516955371)
(106, 8, nan)
(106, 2, 0.27837100998137165)
(106, 7, 0.22296508397448234)
(107, 4, 0.19206876617900548)
(107, 5, 0.21318237670041873)
(107, 6, 0.19038730294566752)
(107, 9, 0.28679099048605938)
(107, 3, 0.20938690720634634)
(107, 1, 0.15169430326167754)
(107, 8, nan)
(107, 2, 0.18696249789900743)
(107, 7, 0.13373793860721961)
(108, 4, 0.38205817373817497)
(108, 5, 0.51504443688281543)
(108, 6, 0.45534070085750522)
(108, 9, 0.3162899917797779)
(108, 3, 0.40038755204875787)
(108, 1, 0.3985783190821417)
(108, 8, nan)
(108, 2, 0.34526403626491009)
(108, 7, 0.32740447019959973)
(109, 4, 0.39686457348490278)
(109, 5, 0.49104817846789617)
(109, 6, 0.40812143571881265)
(109, 9, 0.4400194718405821)
(109, 3, 0.45824185605726453)
(109, 1, 0.3440741121615033)
(109, 8, nan)
(109, 2, 0.3658223584663185)
(109, 7, 0.3306815531993228)
(110, 4, 0.26639881972183832)
(110, 5, 0.34439837561020847)
(110, 6, 0.37174958059513408)
(110, 9, 0.19329558797175705)
(110, 3, 0.31293151969176214)
(110, 1, 0.30530084465043783)
(110, 8, nan)
(110, 2, 0.28525115987894556)
(110, 7, 0.30886893212891819)
(111, 4, 0.14917976580417802)
(111, 5, 0.27190569774532847)
(111, 6, 0.2668167695211644)
(111, 9, 0.21885661923919764)
(111, 3, 0.24707277383820192)
(111, 1, 0.20741196469914935)
(111, 8, nan)
(111, 2, 0.15933566557007239)
(111, 7, 0.25801305859148038)
(112, 4, 0.23306249444798766)
(112, 5, 0.42934019466485018)
(112, 6, 0.44079832231111626)
(112, 9, 0.20518058929093563)
(112, 3, 0.36285484615003949)
(112, 1, 0.33985428736883216)
(112, 8, nan)
(112, 2, 0.27422350553985164)
(112, 7, 0.3940639224721274)
(113, 4, 0.46206110580208626)
(113, 5, 0.38102815330613837)
(113, 6, 0.40658738244362791)
(113, 9, 0.207690065898545)
(113, 3, 0.40026316781571625)
(113, 1, 0.38980080307060283)
(113, 8, nan)
(113, 2, 0.46153089799490177)
(113, 7, 0.2730262730400711)
(114, 4, 0.30425150298668302)
(114, 5, 0.41563022789294435)
(114, 6, 0.38882941430088724)
(114, 9, 0.43924819824348127)
(114, 3, 0.38355556483723618)
(114, 1, 0.35734246669950909)
(114, 8, nan)
(114, 2, 0.31770581394458886)
(114, 7, 0.31071003848162082)
(117, 4, 0.29943176453928577)
(117, 5, 0.30497005135475863)
(117, 6, 0.29522041890483286)
(117, 9, 0.15967318058361024)
(117, 3, 0.26323000813000574)
(117, 1, 0.29145234809902343)
(117, 8, nan)
(117, 2, 0.29330934529806507)
(117, 7, 0.22237512126384718)
(118, 4, 0.24255766822773284)
(118, 5, 0.34762213478194415)
(118, 6, 0.38715085209860001)
(118, 9, 0.23833351171967121)
(118, 3, 0.36483022210642013)
(118, 1, 0.28039225639739906)
(118, 8, nan)
(118, 2, 0.26244070376870199)
(118, 7, 0.40896445778511126)
(119, 4, 0.28403908379773535)
(119, 5, 0.36674825648801135)
(119, 6, 0.33853952314741298)
(119, 9, 0.31612381465465855)
(119, 3, 0.35286625141178141)
(119, 1, 0.26555034368144004)
(119, 8, nan)
(119, 2, 0.25628532989592523)
(119, 7, 0.29132348855501333)
(120, 4, 0.22528820333356059)
(120, 5, 0.28750718080726356)
(120, 6, 0.31047114926563446)
(120, 9, 0.26605875867451956)
(120, 3, 0.27806511507919285)
(120, 1, 0.2581382725102811)
(120, 8, nan)
(120, 2, 0.24115273653198455)
(120, 7, 0.22523003177723488)
(122, 4, 0.28063159444142127)
(122, 5, 0.34926154468442339)
(122, 6, 0.3840178753216319)
(122, 9, 0.24147964824672186)
(122, 3, 0.33555869693368778)
(122, 1, 0.30150277323759223)
(122, 8, nan)
(122, 2, 0.31738088733774084)
(122, 7, 0.27085245793537438)
(124, 4, 0.3409541693296374)
(124, 5, 0.45371441485520791)
(124, 6, 0.4700199641958227)
(124, 9, 0.314600649735991)
(124, 3, 0.48923953530828346)
(124, 1, 0.35858186972774964)
(124, 8, nan)
(124, 2, 0.37343957598406607)
(124, 7, 0.4611503908535195)
(126, 4, 0.36175672288780991)
(126, 5, 0.39878168830688621)
(126, 6, 0.33835414092434002)
(126, 9, 0.40111374522626964)
(126, 3, 0.36433912635010701)
(126, 1, 0.30484150892050144)
(126, 8, nan)
(126, 2, 0.34438295616436909)
(126, 7, 0.24948236102008181)
(128, 4, 0.38460592296346985)
(128, 5, 0.26665124577702792)
(128, 6, 0.30286560756163128)
(128, 9, 0.21439890964735009)
(128, 3, 0.30029895941534757)
(128, 1, 0.32787317155532447)
(128, 8, nan)
(128, 2, 0.41052619300616955)
(128, 7, 0.18638055038848866)
(129, 4, 0.21171784906680202)
(129, 5, 0.38906441724814667)
(129, 6, 0.3629553804688983)
(129, 9, 0.25040279912082086)
(129, 3, 0.32580556460866839)
(129, 1, 0.34940680513422517)
(129, 8, nan)
(129, 2, 0.18566752927758168)
(129, 7, 0.30551410743904384)
(130, 4, 0.26152655290388482)
(130, 5, 0.30361573219081661)
(130, 6, 0.29922392164250877)
(130, 9, 0.25092856214722281)
(130, 3, 0.32267543942631183)
(130, 1, 0.25912199452427309)
(130, 8, nan)
(130, 2, 0.26358855018583538)
(130, 7, 0.28942521081036043)
(131, 4, 0.30876005482700042)
(131, 5, 0.39395647861098138)
(131, 6, 0.35713138053521287)
(131, 9, 0.30768384036019425)
(131, 3, 0.34842464393023109)
(131, 1, 0.30676262329541948)
(131, 8, nan)
(131, 2, 0.2565701974271104)
(131, 7, 0.24377312484981395)
(132, 4, 0.29227350575389943)
(132, 5, 0.35634667536680265)
(132, 6, 0.33986790309584614)
(132, 9, 0.29000192089890287)
(132, 3, 0.3616867334529551)
(132, 1, 0.23440424080562372)
(132, 8, nan)
(132, 2, 0.26173252071151887)
(132, 7, 0.26317429193986419)
(139, 4, 0.18998948859765252)
(139, 5, 0.29927782374946132)
(139, 6, 0.29866721440184762)
(139, 9, 0.16318678083963067)
(139, 3, 0.25528597854540158)
(139, 1, 0.23180572557576229)
(139, 8, nan)
(139, 2, 0.20835875966678941)
(139, 7, 0.26779209371040213)
(140, 4, 0.48294537190538778)
(140, 5, 0.46761252968600286)
(140, 6, 0.48288602515057977)
(140, 9, 0.38997237966778209)
(140, 3, 0.50482182796477293)
(140, 1, 0.40183746651888463)
(140, 8, nan)
(140, 2, 0.47427556854259245)
(140, 7, 0.35740884180595711)
(141, 4, 0.13329337341812864)
(141, 5, 0.21390056951380942)
(141, 6, 0.22213064661550586)
(141, 9, 0.233810245926524)
(141, 3, 0.22615811395342322)
(141, 1, 0.22563019071650969)
(141, 8, nan)
(141, 2, 0.12523392933353295)
(141, 7, 0.14869486272277876)
(143, 4, 0.34107982173384488)
(143, 5, 0.4811915641960558)
(143, 6, 0.4062960750975575)
(143, 9, 0.42116099979799748)
(143, 3, 0.41409287283707485)
(143, 1, 0.36934854953082064)
(143, 8, nan)
(143, 2, 0.32287077788185625)
(143, 7, 0.36581731660687844)
(144, 4, 0.44250477073846328)
(144, 5, 0.38049019638933701)
(144, 6, 0.44841853710060575)
(144, 9, 0.077117931474662282)
(144, 3, 0.36415706131637471)
(144, 1, 0.44093741040472301)
(144, 8, nan)
(144, 2, 0.50723689048779363)
(144, 7, 0.3606178069270084)
(145, 4, 0.42055301419546998)
(145, 5, 0.37245224951671485)
(145, 6, 0.40707684240953901)
(145, 9, 0.32346656752192082)
(145, 3, 0.42843064872699776)
(145, 1, 0.40090162342229241)
(145, 8, nan)
(145, 2, 0.40852717945082651)
(145, 7, 0.37294640879515439)
(146, 4, 0.21817848581120058)
(146, 5, 0.34725785015733246)
(146, 6, 0.30153201803789964)
(146, 9, 0.19254699253172736)
(146, 3, 0.24563470126926312)
(146, 1, 0.24754615986903483)
(146, 8, nan)
(146, 2, 0.21248231730285383)
(146, 7, 0.1635011337320269)
(147, 4, 0.41339447486682612)
(147, 5, 0.46920482893733972)
(147, 6, 0.47720068577800512)
(147, 9, 0.38056376186069529)
(147, 3, 0.52899110309837349)
(147, 1, 0.3600402175998072)
(147, 8, nan)
(147, 2, 0.39946920239561079)
(147, 7, 0.46846268982878536)
(148, 4, 0.36572671751143182)
(148, 5, 0.50703201506063034)
(148, 6, 0.49505258153181542)
(148, 9, 0.34741194679758358)
(148, 3, 0.47226542584720055)
(148, 1, 0.4241761741214386)
(148, 8, nan)
(148, 2, 0.34837848175298092)
(148, 7, 0.44248303510982545)
(149, 4, 0.29330498102560487)
(149, 5, 0.38658851352465873)
(149, 6, 0.37795853233863741)
(149, 9, 0.36472927933961996)
(149, 3, 0.39314072937830113)
(149, 1, 0.28463862839171816)
(149, 8, nan)
