(720, 7, 0.16261264859772906)
(721, 4, 0.22672849229013192)
(721, 5, 0.35832088177768839)
(721, 6, 0.34480772658210723)
(721, 9, 0.25020897082292115)
(721, 3, 0.31428524733160712)
(721, 1, 0.29729885259660949)
(721, 8, nan)
(721, 2, 0.23454405464742867)
(721, 7, 0.24646234574225601)
(723, 4, 0.11782829507583925)
(723, 5, 0.23739551048401186)
(723, 6, 0.27181870107759831)
(723, 9, 0.12469052743701925)
(723, 3, 0.21247432140789102)
(723, 1, 0.17350728920119396)
(723, 8, nan)
(723, 2, 0.12738611999424476)
(723, 7, 0.26112497194038331)
(724, 4, 0.31159381299036015)
(724, 5, 0.37134906569814774)
(724, 6, 0.37191231387580093)
(724, 9, 0.30657249082865923)
(724, 3, 0.41502595626086958)
(724, 1, 0.28783608584927245)
(724, 8, nan)
(724, 2, 0.27578268085485802)
(724, 7, 0.38385752509593429)
(725, 4, 0.15206278240679361)
(725, 5, 0.2182335977878741)
(725, 6, 0.20276699613751825)
(725, 9, 0.30383168800307281)
(725, 3, 0.21702653999919919)
(725, 1, 0.1732403826287453)
(725, 8, nan)
(725, 2, 0.16244786836542591)
(725, 7, 0.18599135289712421)
(726, 4, 0.40972265959656817)
(726, 5, 0.4206337968529934)
(726, 6, 0.41381027734727716)
(726, 9, 0.26879880881386842)
(726, 3, 0.39180527157977285)
(726, 1, 0.37579811963953358)
(726, 8, nan)
(726, 2, 0.42433566004903178)
(726, 7, 0.30026169323893348)
(727, 4, 0.27751235971388466)
(727, 5, 0.32366143638500211)
(727, 6, 0.30819063614067455)
(727, 9, 0.28915587413008714)
(727, 3, 0.33239735543890769)
(727, 1, 0.27647396910449884)
(727, 8, nan)
(727, 2, 0.26977636014764483)
(727, 7, 0.2551645383317348)
(728, 4, 0.26174348210131271)
(728, 5, 0.33800393406018348)
(728, 6, 0.35674672442194089)
(728, 9, 0.29988354095773873)
(728, 3, 0.31345011776158627)
(728, 1, 0.29070447298781443)
(728, 8, nan)
(728, 2, 0.29066233046313983)
(728, 7, 0.27606661534846866)
(730, 4, 0.33392006335048641)
(730, 5, 0.32656859600103227)
(730, 6, 0.37987030405437872)
(730, 9, 0.19718763517098503)
(730, 3, 0.36754024005635733)
(730, 1, 0.37537985454524669)
(730, 8, nan)
(730, 2, 0.38890139403267299)
(730, 7, 0.31222643370510839)
(731, 4, 0.33872654607660779)
(731, 5, 0.48131786496533113)
(731, 6, 0.44751824207536306)
(731, 9, 0.30207296422983032)
(731, 3, 0.38675102846147191)
(731, 1, 0.35664442554182707)
(731, 8, nan)
(731, 2, 0.29699072354596967)
(731, 7, 0.35893957523990139)
(732, 4, 0.26539924047320651)
(732, 5, 0.33323797465612059)
(732, 6, 0.33586884492123892)
(732, 9, 0.2897088903035876)
(732, 3, 0.32152071539194094)
(732, 1, 0.25643994482553834)
(732, 8, nan)
(732, 2, 0.26308581335571413)
(732, 7, 0.26383573873858945)
(733, 4, 0.15576290692731465)
(733, 5, 0.19223488275080336)
(733, 6, 0.23022499362943938)
(733, 9, 0.13096276987147615)
(733, 3, 0.20812026210886359)
(733, 1, 0.17807902755041172)
(733, 8, nan)
(733, 2, 0.15591190603479821)
(733, 7, 0.22717925730341648)
(735, 4, 0.25480857731405093)
(735, 5, 0.33318863897841777)
(735, 6, 0.35735776907434658)
(735, 9, 0.21902114863232969)
(735, 3, 0.31002016279220213)
(735, 1, 0.27702427386920103)
(735, 8, nan)
(735, 2, 0.27149632577316607)
(735, 7, 0.26527439018564547)
(736, 4, 0.15181246722678599)
(736, 5, 0.34096983772738731)
(736, 6, 0.30691648546326111)
(736, 9, 0.14788046769180996)
(736, 3, 0.24523077899011247)
(736, 1, 0.27627315488319204)
(736, 8, nan)
(736, 2, 0.16620320308214198)
(736, 7, 0.32813450563970448)
(737, 4, 0.034109999256758172)
(737, 5, 0.041826292619400962)
(737, 6, 0.041234625827009652)
(737, 9, 0.01157662237370205)
(737, 3, 0.040740711189955148)
(737, 1, 0.041891760174919801)
(737, 8, nan)
(737, 2, 0.026964195708729322)
(737, 7, 0.081340629677167375)
(738, 4, 0.21068839207108525)
(738, 5, 0.2581663241655936)
(738, 6, 0.23993240252172376)
(738, 9, 0.31501868356642648)
(738, 3, 0.25554306020233319)
(738, 1, 0.18873055688420193)
(738, 8, nan)
(738, 2, 0.16722239148784401)
(738, 7, 0.18504015928528172)
(740, 4, 0.33265370832596874)
(740, 5, 0.32809225179654378)
(740, 6, 0.29305231025474499)
(740, 9, 0.4519820926419168)
(740, 3, 0.35509380707154814)
(740, 1, 0.25303514234906399)
(740, 8, nan)
(740, 2, 0.32245582832922182)
(740, 7, 0.22706460711939092)
(741, 4, 0.41566155703468521)
(741, 5, 0.51074868274634877)
(741, 6, 0.44550737143281061)
(741, 9, 0.46050899194520611)
(741, 3, 0.50403737034312535)
(741, 1, 0.40564974285913991)
(741, 8, nan)
(741, 2, 0.41863382062799404)
(741, 7, 0.31772167907866744)
(743, 4, 0.29093584701703601)
(743, 5, 0.32544818941703657)
(743, 6, 0.32705974371182278)
(743, 9, 0.26558160964983024)
(743, 3, 0.31388729523654546)
(743, 1, 0.28525707467501782)
(743, 8, nan)
(743, 2, 0.28413521865221447)
(743, 7, 0.26090089095946234)
(745, 4, 0.1841123253834005)
(745, 5, 0.28366250171317753)
(745, 6, 0.28097426250682056)
(745, 9, 0.13925196514851523)
(745, 3, 0.2845178183751802)
(745, 1, 0.22821088167620485)
(745, 8, nan)
(745, 2, 0.20980522743188379)
(745, 7, 0.24297740575040627)
(747, 4, 0.3393654185854551)
(747, 5, 0.40805814460225642)
(747, 6, 0.33667323008162009)
(747, 9, 0.34549623936276208)
(747, 3, 0.33804602519587046)
(747, 1, 0.29685961259098437)
(747, 8, nan)
(747, 2, 0.26964922695052818)
(747, 7, 0.1978399347275992)
(748, 4, 0.2617406214188861)
(748, 5, 0.40153784100655276)
(748, 6, 0.42129000988168652)
(748, 9, 0.28988643811286141)
(748, 3, 0.40358707907839597)
(748, 1, 0.31167027322675378)
(748, 8, nan)
(748, 2, 0.27701336915176844)
(748, 7, 0.43438444130617504)
(749, 4, 0.12682700021355697)
(749, 5, 0.28449062740377185)
(749, 6, 0.27164417113811923)
(749, 9, 0.24421654548494787)
(749, 3, 0.20637509493929107)
(749, 1, 0.23325605996665322)
(749, 8, nan)
(749, 2, 0.13843902897865179)
(749, 7, 0.14093097455145531)
(751, 4, 0.242105589306014)
(751, 5, 0.3569993910526883)
(751, 6, 0.42744566916808702)
(751, 9, 0.29929907874998551)
(751, 3, 0.39722793990490946)
(751, 1, 0.29991528829181924)
(751, 8, nan)
(751, 2, 0.29324827801336362)
(751, 7, 0.45743728643406256)
(752, 4, 0.22760432655202223)
(752, 5, 0.37140414542755629)
(752, 6, 0.35902648498096301)
(752, 9, 0.43965885082878386)
(752, 3, 0.36133491081996261)
(752, 1, 0.29780510411239436)
(752, 8, nan)
(752, 2, 0.26779846432018106)
(752, 7, 0.38640277203444118)
(754, 4, 0.15779461109230164)
(754, 5, 0.2970472542035123)
(754, 6, 0.31844661201020297)
(754, 9, 0.21020803239140096)
(754, 3, 0.30758206686965872)
(754, 1, 0.25676786216255565)
(754, 8, nan)
(754, 2, 0.17740974666632015)
(754, 7, 0.32422278794797854)
(756, 4, 0.13596948607464743)
(756, 5, 0.17426019538367288)
(756, 6, 0.17075936824412286)
(756, 9, 0.19698294903106528)
(756, 3, 0.18837532454304218)
(756, 1, 0.10407599258113243)
(756, 8, nan)
(756, 2, 0.12571778144710688)
(756, 7, 0.16910403472487967)
(757, 4, 0.089728794676481871)
(757, 5, 0.17280491872189696)
(757, 6, 0.18351331964670448)
(757, 9, 0.095283823055414496)
(757, 3, 0.22376010244590061)
(757, 1, 0.12271141472757563)
(757, 8, nan)
(757, 2, 0.12063003136599371)
(757, 7, 0.23621330175889454)
(762, 4, 0.30576700238003784)
(762, 5, 0.31072751727356951)
(762, 6, 0.29834496507067776)
(762, 9, 0.26425016137398738)
(762, 3, 0.36200553327912954)
(762, 1, 0.24685793517865429)
(762, 8, nan)
(762, 2, 0.27710452606304936)
(762, 7, 0.22902811723042515)
(763, 4, 0.10264448190257824)
(763, 5, 0.24243080326793964)
(763, 6, 0.23658782533766243)
(763, 9, 0.18328527751576773)
(763, 3, 0.21956311071734924)
(763, 1, 0.25190210514894251)
(763, 8, nan)
(763, 2, 0.12312735069577729)
(763, 7, 0.16914289350333067)
(764, 4, 0.29139350896905991)
(764, 5, 0.40545209424102913)
(764, 6, 0.39447408863758637)
(764, 9, 0.32835889660870254)
(764, 3, 0.40092456331320558)
(764, 1, 0.36480961260399525)
(764, 8, nan)
(764, 2, 0.30728566670484292)
(764, 7, 0.33652381964461364)
(766, 4, 0.23325942182497728)
(766, 5, 0.28199850209820787)
(766, 6, 0.27873617333699208)
(766, 9, 0.21217276090045112)
(766, 3, 0.28411629551031936)
(766, 1, 0.21604930442737136)
(766, 8, nan)
(766, 2, 0.20002297869468766)
(766, 7, 0.24720062720016378)
(767, 4, 0.27441209379344222)
(767, 5, 0.36559837830085495)
(767, 6, 0.3359221510178646)
(767, 9, 0.44135679578819587)
(767, 3, 0.34230420483423551)
(767, 1, 0.30943280774885595)
(767, 8, nan)
(767, 2, 0.2826467405605968)
(767, 7, 0.25787845905113893)
(768, 4, 0.25105776880950015)
(768, 5, 0.29533121600158818)
(768, 6, 0.26740373042857479)
(768, 9, 0.24224842253169465)
(768, 3, 0.28909978805552883)
(768, 1, 0.23430169114918808)
(768, 8, nan)
(768, 2, 0.21107414036910699)
(768, 7, 0.16500361416077769)
(770, 4, 0.071844380179048928)
(770, 5, 0.12002046971646319)
(770, 6, 0.13352479270932993)
(770, 9, 0.08570945150863496)
(770, 3, 0.13220932933883933)
(770, 1, 0.12227205085949255)
(770, 8, nan)
(770, 2, 0.07478264270266799)
(770, 7, 0.15288716746110054)
(771, 4, 0.2515690315949981)
(771, 5, 0.30826650069792894)
(771, 6, 0.34187140289194229)
(771, 9, 0.29506641029636504)
(771, 3, 0.36806419733565343)
(771, 1, 0.26699178615447638)
(771, 8, nan)
(771, 2, 0.26452277198534047)
(771, 7, 0.34347820732418066)
(772, 4, 0.38886957023752289)
(772, 5, 0.36670614503951671)
(772, 6, 0.39538282227277088)
(772, 9, 0.19242482680885675)
(772, 3, 0.36798493223932671)
(772, 1, 0.41951909721351655)
(772, 8, nan)
(772, 2, 0.38455385773228201)
(772, 7, 0.36204016630184777)
(773, 4, 0.25140073594222567)
(773, 5, 0.38296030577888318)
(773, 6, 0.35830225973337471)
(773, 9, 0.19047423271873365)
(773, 3, 0.30355276148923738)
(773, 1, 0.35002445636577628)
(773, 8, nan)
(773, 2, 0.24071336767026907)
(773, 7, 0.29880602545533019)
(774, 4, 0.23479603176378072)
(774, 5, 0.32436748330312637)
(774, 6, 0.3438194726787791)
(774, 9, 0.31487309379695172)
(774, 3, 0.36823544616852733)
(774, 1, 0.26240801510675704)
(774, 8, nan)
(774, 2, 0.24605946037521187)
(774, 7, 0.34636194004238097)
(775, 4, 0.25960913074701342)
(775, 5, 0.38467071710072798)
(775, 6, 0.44528469557388872)
(775, 9, 0.23390609394671724)
(775, 3, 0.38350422465342482)
(775, 1, 0.3205792119829477)
(775, 8, nan)
(775, 2, 0.29407619469831114)
(775, 7, 0.38548172707893524)
(776, 4, 0.41737010391730944)
(776, 5, 0.39355110599116239)
(776, 6, 0.32625790764365326)
(776, 9, 0.37144581131539989)
(776, 3, 0.38865856351873795)
(776, 1, 0.27268879883911878)
(776, 8, nan)
(776, 2, 0.3401741486931209)
(776, 7, 0.20097211485234479)
(777, 4, 0.24640919510868775)
(777, 5, 0.35592056265307526)
(777, 6, 0.35583606003643986)
(777, 9, 0.28899486777264771)
(777, 3, 0.34691095964903096)
(777, 1, 0.26709077146462978)
(777, 8, nan)
(777, 2, 0.24286056789993793)
(777, 7, 0.3069313523408006)
(778, 4, 0.15651833013637506)
(778, 5, 0.20684630029226492)
(778, 6, 0.24723431778757754)
(778, 9, 0.21499599726470398)
(778, 3, 0.22437865710498517)
(778, 1, 0.23564015966365948)
(778, 8, nan)
(778, 2, 0.1942703741846834)
(778, 7, 0.24014614193355877)
(779, 4, 0.37483633633422586)
(779, 5, 0.34924767057480732)
(779, 6, 0.37403300874883039)
(779, 9, 0.21434523601814448)
(779, 3, 0.37582427427719423)
(779, 1, 0.32683462072864367)
(779, 8, nan)
(779, 2, 0.39711567346791499)
(779, 7, 0.27080438596889089)
(781, 4, 0.33204990437949167)
(781, 5, 0.42872262314257992)
(781, 6, 0.42793147076917326)
(781, 9, 0.43650375778956407)
(781, 3, 0.44963347434745149)
(781, 1, 0.32620839860541218)
(781, 8, nan)
(781, 2, 0.31935894381493279)
(781, 7, 0.35047164471247316)
(782, 4, 0.36708442256444673)
(782, 5, 0.36818633500719844)
(782, 6, 0.38472752426164791)
(782, 9, 0.34741129531134585)
(782, 3, 0.41877559548252519)
(782, 1, 0.36778185426448062)
(782, 8, nan)
(782, 2, 0.39484719648009881)
(782, 7, 0.30365983907654415)
(783, 4, 0.12395900042265262)
(783, 5, 0.24711340581119301)
(783, 6, 0.22335915012556307)
(783, 9, 0.15411199155646749)
(783, 3, 0.18795824238931313)
(783, 1, 0.21229008217817968)
(783, 8, nan)
(783, 2, 0.1089914862547201)
(783, 7, 0.16014876486741347)
(784, 4, 0.26931763610007331)
(784, 5, 0.29471675239341466)
(784, 6, 0.31076410325400294)
(784, 9, 0.23603067837932845)
(784, 3, 0.305254680909406)
(784, 1, 0.22889306036702528)
(784, 8, nan)
(784, 2, 0.23110661133425037)
(784, 7, 0.24363618828896194)
(786, 4, 0.34925419297085358)
(786, 5, 0.40733750956458348)
(786, 6, 0.37756031928190426)
(786, 9, 0.35232389549412235)
(786, 3, 0.41250145550237849)
(786, 1, 0.29647230679252501)
(786, 8, nan)
(786, 2, 0.30726009123397935)
(786, 7, 0.25647776701933034)
(787, 4, 0.22269713113361822)
(787, 5, 0.33165177431813964)
(787, 6, 0.3189780038935417)
(787, 9, 0.20887744045689616)
(787, 3, 0.34010758961712262)
(787, 1, 0.19999969662099604)
(787, 8, nan)
(787, 2, 0.20054794997884506)
(787, 7, 0.35501725457086697)
(792, 4, 0.27210347083381659)
(792, 5, 0.32293885889630691)
(792, 6, 0.33194815939109112)
(792, 9, 0.26472012125007605)
(792, 3, 0.34969127953262047)
(792, 1, 0.23420556685457683)
(792, 8, nan)
(792, 2, 0.28392941245063019)
(792, 7, 0.31333628314707918)
(794, 4, 0.15248624306822733)
(794, 5, 0.2214745913010161)
(794, 6, 0.21263348184075526)
(794, 9, 0.1625435935363877)
(794, 3, 0.20893179548964214)
(794, 1, 0.19392725374036446)
(794, 8, nan)
(794, 2, 0.16728976032488374)
(794, 7, 0.14293536964243125)
(795, 4, 0.19730789871418319)
(795, 5, 0.24327713535052276)
(795, 6, 0.23594228633326897)
(795, 9, 0.12331682572975988)
(795, 3, 0.22106264766981321)
(795, 1, 0.18681692775504)
(795, 8, nan)
(795, 2, 0.1892384744980895)
(795, 7, 0.19322628486943416)
(796, 4, 0.28595232937772364)
(796, 5, 0.35582256091732467)
(796, 6, 0.33044776173275259)
(796, 9, 0.21151357536663185)
(796, 3, 0.32599878396255288)
(796, 1, 0.29971801217697935)
(796, 8, nan)
(796, 2, 0.30053388753011245)
(796, 7, 0.27075694677068074)
(798, 4, 0.4340929264048845)
(798, 5, 0.48264493650206775)
(798, 6, 0.41356438570931142)
(798, 9, 0.31834418810037246)
(798, 3, 0.42411659825445902)
(798, 1, 0.37219980028703115)
(798, 8, nan)
(798, 2, 0.39472704505211664)
(798, 7, 0.3217573553797618)
(799, 4, 0.28090561242074652)
(799, 5, 0.43253905268836057)
(799, 6, 0.40789316921685248)
(799, 9, 0.31188486648056735)
(799, 3, 0.36966017931893869)
(799, 1, 0.36760017152546831)
(799, 8, nan)
(799, 2, 0.27532099767102558)
(799, 7, 0.27945510879725732)
(800, 4, 0.33938165825220556)
(800, 5, 0.35159294086346837)
(800, 6, 0.34556039190278365)
(800, 9, 0.27181886762419905)
(800, 3, 0.33785225739219704)
(800, 1, 0.3140743964711038)
(800, 8, nan)
(800, 2, 0.3381761920221249)
(800, 7, 0.22274254284844464)
(801, 4, 0.34497050979216759)
(801, 5, 0.4070871404990335)
(801, 6, 0.37287495031315743)
(801, 9, 0.38883085146795304)
(801, 3, 0.4283027392965143)
(801, 1, 0.30873769869588719)
(801, 8, nan)
(801, 2, 0.28953910257593241)
(801, 7, 0.29827592935482361)
(802, 4, 0.11394699567196831)
(802, 5, 0.17156216943431357)
(802, 6, 0.13634696085225984)
(802, 9, 0.18922529794776177)
(802, 3, 0.16487651292834826)
(802, 1, 0.11457283189495016)
(802, 8, nan)
(802, 2, 0.10733084403242399)
(802, 7, 0.091846463715040461)
(803, 4, 0.29911986648535893)
(803, 5, 0.35018781665341381)
(803, 6, 0.33821977272107362)
(803, 9, 0.31748880368986243)
(803, 3, 0.36542450239115354)
(803, 1, 0.24502170764468167)
(803, 8, nan)
(803, 2, 0.26152331398772843)
(803, 7, 0.28578212894926125)
(804, 4, 0.2648468517467808)
(804, 5, 0.33348998735611568)
(804, 6, 0.29428321740076713)
(804, 9, 0.23078435317054768)
(804, 3, 0.30670074568386063)
(804, 1, 0.25361020309415472)
(804, 8, nan)
(804, 2, 0.28416610453174607)
(804, 7, 0.27691287646462071)
(806, 4, 0.35455179482445232)
(806, 5, 0.41979118304096374)
(806, 6, 0.40041070309565052)
(806, 9, 0.33953123598379087)
(806, 3, 0.39283550004639978)
(806, 1, 0.34759827818001288)
(806, 8, nan)
(806, 2, 0.31987046830640853)
(806, 7, 0.26132842059079953)
(807, 4, 0.20289801163079713)
(807, 5, 0.2390735306996904)
(807, 6, 0.21432154007226967)
(807, 9, 0.19494104783830779)
(807, 3, 0.27402668731822755)
(807, 1, 0.13642135377562914)
(807, 8, nan)
(807, 2, 0.15429620801884736)
(807, 7, 0.21957372566375755)
(808, 4, 0.2840783947843869)
(808, 5, 0.37191672006806509)
(808, 6, 0.32639652265325703)
(808, 9, 0.48807507167188491)
(808, 3, 0.37109755133579592)
(808, 1, 0.26795507420898101)
(808, 8, nan)
(808, 2, 0.28539966451323395)
(808, 7, 0.26970954610796971)
(809, 4, 0.2506914021318094)
(809, 5, 0.319154625697748)
(809, 6, 0.29630350067960409)
(809, 9, 0.29427548135703274)
(809, 3, 0.29374280822321908)
(809, 1, 0.30117160365304141)
(809, 8, nan)
(809, 2, 0.23994173980381606)
(809, 7, 0.21454491740518922)
(810, 4, 0.19310654787090542)
(810, 5, 0.27135483511079683)
(810, 6, 0.29083267905365506)
(810, 9, 0.23660011092142152)
(810, 3, 0.31400820314330735)
(810, 1, 0.14053007058939859)
(810, 8, nan)
(810, 2, 0.19976073302486375)
(810, 7, 0.34132700434220609)
(811, 4, 0.38619517649498647)
(811, 5, 0.37934401269793383)
(811, 6, 0.40665633272529578)
(811, 9, 0.34516270896055623)
(811, 3, 0.43198878529632756)
(811, 1, 0.29632674832429196)
(811, 8, nan)
(811, 2, 0.3439991973181683)
(811, 7, 0.40333949620452203)
(812, 4, 0.43192702541377082)
(812, 5, 0.51927920039314279)
(812, 6, 0.49032548548336696)
(812, 9, 0.23651124576917348)
(812, 3, 0.3929223358720848)
(812, 1, 0.55599919064431691)
(812, 8, nan)
(812, 2, 0.48795662869178491)
(812, 7, 0.30526920607841712)
(814, 4, 0.27516631726147778)
(814, 5, 0.3838656723083852)
(814, 6, 0.4004872251841296)
(814, 9, 0.16495768473927974)
(814, 3, 0.36856190033954561)
(814, 1, 0.3460931082158033)
(814, 8, nan)
(814, 2, 0.32126241306968861)
(814, 7, 0.3274122491183693)
(815, 4, 0.24344660972074783)
(815, 5, 0.30620886435915229)
(815, 6, 0.26478316285746661)
(815, 9, 0.4508254774447904)
(815, 3, 0.28800382171473937)
(815, 1, 0.24600023217688916)
(815, 8, nan)
(815, 2, 0.25532965472139946)
(815, 7, 0.20260529677251393)
(816, 4, 0.33895170387855322)
(816, 5, 0.37549555055055239)
(816, 6, 0.35136037885246818)
(816, 9, 0.31467412666804662)
(816, 3, 0.36717336273279133)
(816, 1, 0.31401300308136459)
(816, 8, nan)
(816, 2, 0.32494317924145877)
(816, 7, 0.27660874930379653)
(818, 4, 0.23384314177538479)
(818, 5, 0.33190278140098473)
(818, 6, 0.33373356365972029)
(818, 9, 0.34143241112095013)
(818, 3, 0.33708493220239988)
(818, 1, 0.33138393413332523)
(818, 8, nan)
(818, 2, 0.24048152999442307)
(818, 7, 0.22494336017821093)
(819, 4, 0.33036605376681172)
(819, 5, 0.42843200924963898)
(819, 6, 0.40689292547263467)
(819, 9, 0.23773023294736462)
(819, 3, 0.360085123080638)
(819, 1, 0.39077026854459973)
(819, 8, nan)
(819, 2, 0.34644116588763896)
(819, 7, 0.29824912515324908)
(820, 4, 0.34118392158710997)
(820, 5, 0.44206880873796617)
(820, 6, 0.49377557087090929)
(820, 9, 0.31076687299679984)
(820, 3, 0.46733197732323251)
(820, 1, 0.38020160468848574)
(820, 8, nan)
(820, 2, 0.38836348903943563)
(820, 7, 0.47397888309172076)
(821, 4, 0.05647439684664568)
(821, 5, 0.045883151157264379)
(821, 6, 0.040653400986496391)
(821, 9, 0.074949388068582645)
(821, 3, 0.063374101380163861)
(821, 1, 0.024524776857236419)
(821, 8, nan)
(821, 2, 0.032180535687882372)
(821, 7, 0.017119030218835651)
(822, 4, 0.30828826476941884)
(822, 5, 0.36791238452627484)
(822, 6, 0.36499295570024959)
(822, 9, 0.4045160740295628)
(822, 3, 0.40723636561330434)
(822, 1, 0.27777671659192182)
(822, 8, nan)
(822, 2, 0.29531166593415215)
(822, 7, 0.41198833329876794)
(823, 4, 0.21731186153930315)
(823, 5, 0.3006376336638994)
(823, 6, 0.31885763393698796)
(823, 9, 0.167250007574961)
(823, 3, 0.28282323586736713)
(823, 1, 0.25815857480068294)
(823, 8, nan)
(823, 2, 0.23713278227169465)
(823, 7, 0.28600674223572042)
(824, 4, 0.26900719352368951)
(824, 5, 0.29596798490494636)
(824, 6, 0.2905198137317615)
(824, 9, 0.3238811815259024)
(824, 3, 0.31253956271686589)
(824, 1, 0.22469428423834303)
(824, 8, nan)
(824, 2, 0.26054929051215903)
(824, 7, 0.25712269258088682)
(825, 4, 0.20465862468301055)
(825, 5, 0.25783001839764275)
(825, 6, 0.22832873816436094)
(825, 9, 0.16640118491024558)
(825, 3, 0.21319312599439433)
(825, 1, 0.22679570724580378)
(825, 8, nan)
(825, 2, 0.19063225076295209)
(825, 7, 0.16035882424926318)
(826, 4, 0.39727955366350121)
(826, 5, 0.33276143858018026)
(826, 6, 0.33189991310737765)
(826, 9, 0.27248762035210539)
(826, 3, 0.35906979070309186)
(826, 1, 0.27040473610723204)
(826, 8, nan)
(826, 2, 0.34248438189510877)
(826, 7, 0.17201703568343873)
(827, 4, 0.33212806479829271)
(827, 5, 0.31582434386035085)
(827, 6, 0.37213871802815834)
(827, 9, 0.16907914293455006)
(827, 3, 0.35788095895961636)
(827, 1, 0.32025326765921802)
(827, 8, nan)
(827, 2, 0.34208977678559904)
(827, 7, 0.3650564981708555)
(828, 4, 0.1267709369188561)
(828, 5, 0.1673064056969642)
(828, 6, 0.12284950493168867)
(828, 9, 0.37429659548439664)
(828, 3, 0.14501561819187514)
(828, 1, 0.14314044217553168)
(828, 8, nan)
(828, 2, 0.14530154432435038)
(828, 7, 0.071479520747344538)
(829, 4, 0.17477819050592114)
(829, 5, 0.26523249856345776)
(829, 6, 0.28965755037737273)
(829, 9, 0.13489466463581223)
(829, 3, 0.27831407135031716)
(829, 1, 0.24546796512285107)
(829, 8, nan)
(829, 2, 0.16764522726258335)
(829, 7, 0.40494332121275778)
(830, 4, 0.15264329820595723)
(830, 5, 0.21761324622822631)
(830, 6, 0.20109744619991765)
(830, 9, 0.20073087371403497)
(830, 3, 0.21430252170803032)
(830, 1, 0.15960817626110979)
(830, 8, nan)
(830, 2, 0.1209434612499144)
(830, 7, 0.12547661039971636)
(831, 4, 0.066519957871721269)
(831, 5, 0.12239752311054253)
(831, 6, 0.10263540890019096)
(831, 9, 0.065257788368235481)
(831, 3, 0.13949145931514773)
(831, 1, 0.065166852428907629)
(831, 8, nan)
(831, 2, 0.075369596049798537)
(831, 7, 0.099656314729626772)
(832, 4, 0.34599243574551597)
(832, 5, 0.44945399833592004)
(832, 6, 0.47739008107457592)
(832, 9, 0.34117375417437135)
(832, 3, 0.47680368511402327)
(832, 1, 0.38349167609799473)
(832, 8, nan)
(832, 2, 0.33155898763229108)
(832, 7, 0.48435720221471534)
(833, 4, 0.26756718389730061)
(833, 5, 0.36376873909025909)
(833, 6, 0.34026794578458719)
(833, 9, 0.4347879663805907)
(833, 3, 0.36132505720293773)
(833, 1, 0.28929845335900173)
(833, 8, nan)
(833, 2, 0.28881351681125678)
(833, 7, 0.30722798504063253)
(834, 4, 0.26012314319261876)
(834, 5, 0.38521073475719458)
(834, 6, 0.39468213346443437)
(834, 9, 0.26414655057559822)
(834, 3, 0.35360487583347855)
(834, 1, 0.23558784074841499)
(834, 8, nan)
(834, 2, 0.23875930787220012)
(834, 7, 0.29030805629578849)
(835, 4, 0.34124399500994762)
(835, 5, 0.38492791419185712)
(835, 6, 0.43808603947219105)
(835, 9, 0.22476355748217014)
(835, 3, 0.37831071275973138)
(835, 1, 0.35674386769986133)
(835, 8, nan)
(835, 2, 0.36969899493008995)
(835, 7, 0.34011086747665742)
(836, 4, 0.34335529168511725)
(836, 5, 0.39885804360989974)
(836, 6, 0.35856445997930242)
(836, 9, 0.38475297215844306)
(836, 3, 0.418159934685427)
(836, 1, 0.29807805190545944)
(836, 8, nan)
(836, 2, 0.28389325822479872)
(836, 7, 0.27827284396353336)
(837, 4, 0.31319674457697722)
(837, 5, 0.34521735862418357)
(837, 6, 0.43727374526212692)
(837, 9, 0.10235789703027998)
(837, 3, 0.35259508532936534)
(837, 1, 0.37323382592609256)
(837, 8, nan)
(837, 2, 0.37552778967258194)
(837, 7, 0.45844382416474172)
(838, 4, 0.2653377635450278)
(838, 5, 0.34541359247265269)
(838, 6, 0.34472685928976854)
(838, 9, 0.31637367057307286)
(838, 3, 0.35556072537510208)
(838, 1, 0.30804427983316995)
(838, 8, nan)
(838, 2, 0.26598559118696474)
(838, 7, 0.27839943375519327)
(839, 4, 0.19107489460434213)
(839, 5, 0.22957737832792868)
(839, 6, 0.2569218303449663)
(839, 9, 0.069040621994391871)
(839, 3, 0.1857825644918385)
(839, 1, 0.26273548349751197)
(839, 8, nan)
(839, 2, 0.2303147910462835)
(839, 7, 0.18957574319061787)
(841, 4, 0.25423599324713275)
(841, 5, 0.41458936504898136)
(841, 6, 0.37086699072513762)
(841, 9, 0.3399507069699863)
(841, 3, 0.32746017105206227)
(841, 1, 0.3055005949915075)
(841, 8, nan)
(841, 2, 0.2333767852371742)
(841, 7, 0.27286176128553996)
(842, 4, 0.27381654314781634)
(842, 5, 0.36250972805461434)
(842, 6, 0.33778582643665001)
(842, 9, 0.33357003154418452)
(842, 3, 0.36137274563672306)
(842, 1, 0.30487444205598324)
(842, 8, nan)
(842, 2, 0.26028571411929402)
(842, 7, 0.25505164875767683)
(844, 4, 0.29275057777028346)
(844, 5, 0.37525284555586591)
(844, 6, 0.32300625506016567)
(844, 9, 0.25797977352350332)
(844, 3, 0.31284256868795435)
(844, 1, 0.27542237553917559)
(844, 8, nan)
(844, 2, 0.26685456681585507)
(844, 7, 0.22109699575534081)
(845, 4, 0.18152091503158485)
(845, 5, 0.2927682967704216)
(845, 6, 0.32420437163871996)
(845, 9, 0.25370404164291926)
(845, 3, 0.30919138349874775)
(845, 1, 0.25092099402897694)
(845, 8, nan)
(845, 2, 0.17376787983422204)
(845, 7, 0.27883043849398437)
(848, 4, 0.30130100816788252)
(848, 5, 0.36466079612547397)
(848, 6, 0.34714301389614943)
(848, 9, 0.43458764973056607)
(848, 3, 0.37984665531112127)
(848, 1, 0.2591557705229397)
(848, 8, nan)
(848, 2, 0.31446693855575081)
(848, 7, 0.32608396791668348)
(849, 4, 0.21286328865801707)
(849, 5, 0.28222901592380634)
(849, 6, 0.30120370137268404)
(849, 9, 0.27063181331047392)
(849, 3, 0.34388213560593761)
(849, 1, 0.20806587726637038)
(849, 8, nan)
(849, 2, 0.20299578609797908)
(849, 7, 0.34828890608141294)
(851, 4, 0.31102739804985902)
(851, 5, 0.40702707808649619)
(851, 6, 0.37708142677136935)
(851, 9, 0.33910500690736356)
(851, 3, 0.38758534063109518)
(851, 1, 0.36601015725433428)
(851, 8, nan)
(851, 2, 0.30586829132243076)
(851, 7, 0.29751099471072784)
(852, 4, 0.15003460097408849)
(852, 5, 0.28061919610243424)
(852, 6, 0.30610119944226288)
(852, 9, 0.21658578248348925)
(852, 3, 0.26317978743738468)
(852, 1, 0.24750719829143064)
(852, 8, nan)
(852, 2, 0.16162340579605616)
(852, 7, 0.23655313765166619)
(854, 4, 0.40770206359762229)
(854, 5, 0.54862200807083672)
(854, 6, 0.50875657864973944)
(854, 9, 0.42389743792953594)
(854, 3, 0.49301482004157915)
(854, 1, 0.46015239784107265)
(854, 8, nan)
(854, 2, 0.3850665358818417)
(854, 7, 0.34197819231667437)
(855, 4, 0.18571932646038958)
(855, 5, 0.32023312600192178)
(855, 6, 0.29104096137233415)
(855, 9, 0.17761849149176401)
(855, 3, 0.24746891138622096)
(855, 1, 0.26743693716609562)
(855, 8, nan)
(855, 2, 0.19324143812964545)
(855, 7, 0.21939679680387425)
(856, 4, 0.38251880124751381)
(856, 5, 0.44850276908597331)
(856, 6, 0.40674435921956487)
(856, 9, 0.50368334629650036)
(856, 3, 0.45278045733881722)
(856, 1, 0.32553575320497874)
(856, 8, nan)
(856, 2, 0.27787902151969668)
(856, 7, 0.3250137120847435)
(859, 4, 0.2305471327362052)
(859, 5, 0.30189355575832078)
(859, 6, 0.30202920049816517)
(859, 9, 0.22975842005897162)
(859, 3, 0.34754654087439696)
(859, 1, 0.23118999013776542)
(859, 8, nan)
(859, 2, 0.24704352130082796)
(859, 7, 0.29108378530112711)
(860, 4, 0.38795040026668282)
(860, 5, 0.37558376085603196)
(860, 6, 0.35132634718622158)
(860, 9, 0.3653752354230615)
(860, 3, 0.39375278001511282)
(860, 1, 0.31320392850002632)
(860, 8, nan)
(860, 2, 0.3569560352211596)
(860, 7, 0.2351948691910879)
(861, 4, 0.31051727588746281)
(861, 5, 0.35142424416985807)
(861, 6, 0.36457971586660076)
(861, 9, 0.32838772477496669)
(861, 3, 0.40795938512130125)
(861, 1, 0.27890488839697003)
(861, 8, nan)
(861, 2, 0.28993318519382349)
(861, 7, 0.3354820054309674)
(862, 4, 0.2055827188224626)
(862, 5, 0.29583238828240854)
(862, 6, 0.3345096564060237)
(862, 9, 0.22667104977984254)
(862, 3, 0.31624594157546371)
(862, 1, 0.27248379140487633)
(862, 8, nan)
(862, 2, 0.2249421504000475)
(862, 7, 0.21116193850833775)
(864, 4, 0.18450368149354734)
(864, 5, 0.22422939165108136)
(864, 6, 0.24316959976894503)
(864, 9, 0.18995431895486126)
(864, 3, 0.23655161487330278)
(864, 1, 0.19421050409256901)
(864, 8, nan)
(864, 2, 0.19658502310645065)
(864, 7, 0.26568670345666323)
(865, 4, 0.26326186119231587)
(865, 5, 0.22853984461368038)
(865, 6, 0.23157024843505447)
(865, 9, 0.19367143345703197)
(865, 3, 0.22867395830605808)
(865, 1, 0.22233098044211341)
(865, 8, nan)
(865, 2, 0.26210715578064336)
(865, 7, 0.11713763395492027)
(866, 4, 0.25520127208615206)
(866, 5, 0.26970536601888906)
(866, 6, 0.27350474694891536)
(866, 9, 0.2089345138671147)
(866, 3, 0.28951936118275357)
(866, 1, 0.22028109677958407)
(866, 8, nan)
(866, 2, 0.21956487558406668)
(866, 7, 0.2284907382309268)
(867, 4, 0.40156515896913092)
(867, 5, 0.39183237401072157)
(867, 6, 0.38145878435654379)
(867, 9, 0.34667331096631293)
(867, 3, 0.40286133892456144)
(867, 1, 0.3604326831043656)
(867, 8, nan)
(867, 2, 0.36660943154747994)
(867, 7, 0.24147486512883243)
(868, 4, 0.31359201448707463)
(868, 5, 0.35142619880497206)
(868, 6, 0.36659738530019814)
(868, 9, 0.26919482123338345)
(868, 3, 0.37490190347134067)
(868, 1, 0.28150249108363301)
(868, 8, nan)
(868, 2, 0.30245696441399861)
(868, 7, 0.32295571170163284)
(869, 4, 0.27660548977830524)
(869, 5, 0.36364849045922243)
(869, 6, 0.35666708648661571)
(869, 9, 0.34088230501046002)
(869, 3, 0.3566177083695371)
(869, 1, 0.34981574944218274)
(869, 8, nan)
(869, 2, 0.29244637179169519)
(869, 7, 0.29896301581211249)
(870, 4, 0.39171938070715506)
(870, 5, 0.38226144871131984)
(870, 6, 0.37819645626654763)
(870, 9, 0.26976629866734703)
(870, 3, 0.38847474028425566)
(870, 1, 0.29760522315656313)
(870, 8, nan)
(870, 2, 0.35478243309571633)
(870, 7, 0.32086022448348861)
(871, 4, 0.15116980499229116)
(871, 5, 0.29548886447395162)
(871, 6, 0.2789615114142372)
(871, 9, 0.16944774188847567)
(871, 3, 0.23854545575379738)
(871, 1, 0.24294440875573853)
(871, 8, nan)
(871, 2, 0.14624520454596701)
(871, 7, 0.2580788157770042)
(872, 4, 0.18771158195915627)
(872, 5, 0.27052809976568293)
(872, 6, 0.30329611374199728)
(872, 9, 0.1373323459861977)
(872, 3, 0.31210855354535871)
(872, 1, 0.25228386017899185)
(872, 8, nan)
(872, 2, 0.21356970445705292)
(872, 7, 0.38625315168653895)
(873, 4, 0.24577346082588591)
(873, 5, 0.37910104975210701)
(873, 6, 0.38880514080420459)
(873, 9, 0.2703390031178986)
(873, 3, 0.36183660348543911)
(873, 1, 0.30030958523134554)
(873, 8, nan)
(873, 2, 0.26120225084417037)
(873, 7, 0.40225242451662391)
(874, 4, 0.41011941314052958)
(874, 5, 0.44161613627330687)
(874, 6, 0.50340867817626644)
(874, 9, 0.30154378007837868)
(874, 3, 0.4772100400574647)
(874, 1, 0.42166272760846213)
(874, 8, nan)
(874, 2, 0.45400241349510106)
(874, 7, 0.46721902090370393)
(875, 4, 0.35884096097805362)
(875, 5, 0.27153431061659505)
(875, 6, 0.25385169243261352)
(875, 9, 0.34955276637578658)
(875, 3, 0.29771150451243922)
(875, 1, 0.21891167424081936)
(875, 8, nan)
(875, 2, 0.34053444995979687)
(875, 7, 0.16563068089630306)
(876, 4, 0.30109815318033872)
(876, 5, 0.42501720889483341)
(876, 6, 0.43663578009753956)
(876, 9, 0.33313604245681883)
(876, 3, 0.40306781708213324)
(876, 1, 0.39790316560512051)
(876, 8, nan)
(876, 2, 0.30352719691214436)
(876, 7, 0.37651727281505154)
(877, 4, 0.26931763610007331)
(877, 5, 0.29471675239341466)
(877, 6, 0.31076410325400294)
(877, 9, 0.23603067837932845)
(877, 3, 0.305254680909406)
(877, 1, 0.22889306036702528)
(877, 8, nan)
(877, 2, 0.23110661133425037)
(877, 7, 0.24363618828896194)
(878, 4, 0.11732076523912482)
(878, 5, 0.20465964219762167)
(878, 6, 0.25091656312549226)
(878, 9, 0.23490703741783259)
(878, 3, 0.26536371760407107)
(878, 1, 0.2443408042950217)
(878, 8, nan)
(878, 2, 0.1295506254847878)
(878, 7, 0.19214048865111422)
(879, 4, 0.26025010899015277)
(879, 5, 0.20381287214383537)
(879, 6, 0.24302194332316029)
(879, 9, 0.15277607640582358)
(879, 3, 0.25970186669383188)
(879, 1, 0.1977804314285736)
(879, 8, nan)
(879, 2, 0.24706744728979368)
(879, 7, 0.22600741512678624)
(881, 4, 0.35898344396916704)
(881, 5, 0.39892051071146906)
(881, 6, 0.42058683234790029)
(881, 9, 0.35360987137567135)
(881, 3, 0.41633421012428984)
(881, 1, 0.35774242448105098)
(881, 8, nan)
(881, 2, 0.34422682029999163)
(881, 7, 0.38674993525704426)
(882, 4, 0.21637773529564441)
(882, 5, 0.36127626100774624)
(882, 6, 0.34995499831550791)
(882, 9, 0.31581161239084832)
(882, 3, 0.30432936587392612)
(882, 1, 0.36115215905874476)
(882, 8, nan)
(882, 2, 0.23462393447163321)
(882, 7, 0.2515934070976561)
(884, 4, 0.26901065727417861)
(884, 5, 0.29531645857458588)
(884, 6, 0.33834464841720457)
(884, 9, 0.20404560119424298)
(884, 3, 0.33017171038037851)
(884, 1, 0.28537061243581352)
(884, 8, nan)
(884, 2, 0.2885647583993296)
(884, 7, 0.33356155114919872)
(886, 4, 0.24119258322663861)
(886, 5, 0.30344360184087482)
(886, 6, 0.30486053126078105)
(886, 9, 0.2744306908431916)
(886, 3, 0.36927187454332566)
(886, 1, 0.27221033527109584)
(886, 8, nan)
(886, 2, 0.24358263656988943)
(886, 7, 0.27748077463565868)
(887, 4, 0.22456521869576485)
(887, 5, 0.27547591616916478)
(887, 6, 0.28576323668773085)
(887, 9, 0.18136600424591576)
(887, 3, 0.29776534185148229)
(887, 1, 0.21840081133001776)
(887, 8, nan)
(887, 2, 0.24212910214782779)
(887, 7, 0.24311296514053571)
(888, 4, 0.33855400870774321)
(888, 5, 0.39930004051133183)
(888, 6, 0.36318081392425072)
(888, 9, 0.44817479524745996)
(888, 3, 0.41136692847297507)
(888, 1, 0.30025951761719682)
(888, 8, nan)
(888, 2, 0.36125658086411772)
(888, 7, 0.35472822419892514)
(889, 4, 0.25572383847623958)
(889, 5, 0.26558686618548077)
(889, 6, 0.23721855457272467)
(889, 9, 0.20090100671193856)
(889, 3, 0.25125647783304972)
(889, 1, 0.2405202802862374)
(889, 8, nan)
(889, 2, 0.28672719091652665)
(889, 7, 0.21670303291463078)
(890, 4, 0.29253279235984386)
(890, 5, 0.36563955069129483)
(890, 6, 0.34125505642359832)
(890, 9, 0.44598587880217477)
(890, 3, 0.35511368936381627)
(890, 1, 0.30795683684852504)
(890, 8, nan)
(890, 2, 0.30581339271973218)
(890, 7, 0.25842325878419337)
(893, 4, 0.31269057852374149)
(893, 5, 0.36731237005716355)
(893, 6, 0.35034600117489489)
(893, 9, 0.2664881347104443)
(893, 3, 0.36090621525625854)
(893, 1, 0.28317386875608153)
(893, 8, nan)
(893, 2, 0.29943851925389886)
(893, 7, 0.33693423949472479)
(894, 4, 0.28125739883081158)
(894, 5, 0.37546392982867238)
(894, 6, 0.31688329611537791)
(894, 9, 0.52413041963828222)
(894, 3, 0.37515468964461574)
(894, 1, 0.26856237719502274)
(894, 8, nan)
(894, 2, 0.30251708438435276)
(894, 7, 0.28017293863379844)
(895, 4, 0.24996826905710423)
(895, 5, 0.25489344623875931)
(895, 6, 0.27897627693604821)
(895, 9, 0.24962800071818625)
(895, 3, 0.29194260532352201)
(895, 1, 0.19685700747869272)
(895, 8, nan)
(895, 2, 0.24720282275778827)
(895, 7, 0.23935690318991221)
(896, 4, 0.34501172554267345)
(896, 5, 0.38097485764276851)
(896, 6, 0.33448497449488257)
(896, 9, 0.53022379903018779)
(896, 3, 0.37541728414131592)
(896, 1, 0.2950036803218794)
(896, 8, nan)
(896, 2, 0.3733480908795821)
(896, 7, 0.25467770773791887)
(897, 4, 0.34998989170281014)
(897, 5, 0.36406199992282329)
(897, 6, 0.36982201563062156)
(897, 9, 0.21075029675635926)
(897, 3, 0.37431125307591673)
(897, 1, 0.31767494633876425)
(897, 8, nan)
(897, 2, 0.33236870812784747)
(897, 7, 0.38456371823383306)
(900, 4, 0.22537250961282829)
(900, 5, 0.31962233069849888)
(900, 6, 0.33173306028007876)
(900, 9, 0.24907494537733821)
(900, 3, 0.30957348358779435)
(900, 1, 0.3167305842922703)
(900, 8, nan)
(900, 2, 0.21704376290694904)
(900, 7, 0.24062337669729705)
(901, 4, 0.15398671558886368)
(901, 5, 0.30445360268723221)
(901, 6, 0.32514363893499798)
(901, 9, 0.15353590711508669)
(901, 3, 0.30004721380097998)
(901, 1, 0.27505175045753172)
(901, 8, nan)
(901, 2, 0.17933905415495022)
(901, 7, 0.394108807443873)
(902, 4, 0.29507525731552331)
(902, 5, 0.36644726981315712)
(902, 6, 0.36638614150011928)
(902, 9, 0.34049742533772209)
(902, 3, 0.35853283364738986)
(902, 1, 0.2927728613695546)
(902, 8, nan)
(902, 2, 0.2921037179425805)
(902, 7, 0.29055567904605684)
(903, 4, 0.21014549588782905)
(903, 5, 0.34934013054611857)
(903, 6, 0.34128558649597041)
(903, 9, 0.23384924354651038)
(903, 3, 0.31494578874331536)
(903, 1, 0.33716450043833257)
(903, 8, nan)
(903, 2, 0.22710638146933437)
(903, 7, 0.23842019458096986)
(904, 4, 0.34080829463309092)
(904, 5, 0.37421886908889102)
(904, 6, 0.38551454395708173)
(904, 9, 0.22384959196723808)
(904, 3, 0.36928896008793055)
(904, 1, 0.35631953003335459)
(904, 8, nan)
(904, 2, 0.36532117960010368)
(904, 7, 0.29971920595337964)
(905, 4, 0.34873054391831282)
(905, 5, 0.36335403859081461)
(905, 6, 0.36642239881617411)
(905, 9, 0.27879439585114529)
(905, 3, 0.38467613041032345)
(905, 1, 0.33067693854774416)
(905, 8, nan)
(905, 2, 0.38060732408576659)
(905, 7, 0.28787811204936076)
(906, 4, 0.19497844280723464)
(906, 5, 0.31999215696209027)
(906, 6, 0.31872511972908824)
(906, 9, 0.23433963012512193)
(906, 3, 0.30962915811844949)
(906, 1, 0.29045619697598513)
(906, 8, nan)
(906, 2, 0.20876083289402592)
(906, 7, 0.29330192035484215)
(907, 4, 0.086137637718156079)
(907, 5, 0.27208114953453133)
(907, 6, 0.20807579398362319)
(907, 9, 0.12531259361637948)
(907, 3, 0.13575158401962428)
(907, 1, 0.25884955845451585)
(907, 8, nan)
(907, 2, 0.091684191914886526)
(907, 7, 0.092899991401991677)
(908, 4, 0.28421449879483696)
(908, 5, 0.3412947347642783)
(908, 6, 0.30104379986738494)
(908, 9, 0.3103897825316686)
(908, 3, 0.32773704790571623)
(908, 1, 0.28067625995944301)
(908, 8, nan)
(908, 2, 0.23889761046848434)
(908, 7, 0.26026389977589781)
(909, 4, 0.27909237819325694)
(909, 5, 0.38638489111653462)
(909, 6, 0.38148395827226156)
(909, 9, 0.21291493155769037)
(909, 3, 0.34321321873214439)
(909, 1, 0.31543326963278895)
(909, 8, nan)
(909, 2, 0.27360267000600513)
(909, 7, 0.34598760070494849)
(910, 4, 0.34158309248811336)
(910, 5, 0.39832009092985043)
(910, 6, 0.35784366371387477)
(910, 9, 0.39096964586640548)
(910, 3, 0.41938044203250657)
(910, 1, 0.30595495535020056)
(910, 8, nan)
(910, 2, 0.2829105581953808)
(910, 7, 0.27338252087055537)
(912, 4, 0.077671500833912388)
(912, 5, 0.1006843298038459)
(912, 6, 0.10350620719039194)
(912, 9, 0.14951030043540436)
(912, 3, 0.12337823929740355)
(912, 1, 0.10914865757095471)
(912, 8, nan)
(912, 2, 0.06059329034269878)
(912, 7, 0.036519391896937869)
(914, 4, 0.3483478654272727)
(914, 5, 0.34579368146890932)
(914, 6, 0.34713212369175661)
(914, 9, 0.26146872614502725)
(914, 3, 0.35087415882796413)
(914, 1, 0.30587054064303276)
(914, 8, nan)
(914, 2, 0.35993796070163975)
(914, 7, 0.28205219908721646)
(915, 4, 0.28719138671103761)
(915, 5, 0.35918725689865494)
(915, 6, 0.4229468229583091)
(915, 9, 0.32335427717185805)
(915, 3, 0.44894785922562908)
(915, 1, 0.32465322215949644)
(915, 8, nan)
(915, 2, 0.2997369930628222)
(915, 7, 0.45001453662575264)
(916, 4, 0.25769674059501713)
(916, 5, 0.32502080336317685)
(916, 6, 0.30997230870451009)
(916, 9, 0.25756102774539003)
(916, 3, 0.32647412979527646)
(916, 1, 0.25328482305325717)
(916, 8, nan)
(916, 2, 0.24895426316620384)
(916, 7, 0.28633988642831176)
(917, 4, 0.27813845614345634)
(917, 5, 0.31257280946756838)
(917, 6, 0.33668016199946371)
(917, 9, 0.13052452353666422)
(917, 3, 0.30237065256044104)
(917, 1, 0.27804024644596992)
(917, 8, nan)
(917, 2, 0.30845484584099969)
(917, 7, 0.28722393879525376)
(918, 4, 0.23725073517915396)
(918, 5, 0.36414545673527132)
(918, 6, 0.37201071642942152)
(918, 9, 0.29862211670554561)
(918, 3, 0.36146912315674506)
(918, 1, 0.31407782652755478)
(918, 8, nan)
(918, 2, 0.25048682735177796)
(918, 7, 0.3091795822241501)
(919, 4, 0.25236967110946873)
(919, 5, 0.34231662549227604)
(919, 6, 0.30920594865964324)
(919, 9, 0.17712953977069157)
(919, 3, 0.26091511999364558)
(919, 1, 0.29439455454150387)
(919, 8, nan)
(919, 2, 0.2309724227396408)
(919, 7, 0.18543295549733718)
(922, 4, 0.25455559521657534)
(922, 5, 0.3184194189306484)
(922, 6, 0.30132193293006093)
(922, 9, 0.26176686379796221)
(922, 3, 0.32186225055458317)
(922, 1, 0.23283494880671995)
(922, 8, nan)
(922, 2, 0.24839774939390935)
(922, 7, 0.28638313694501516)
(923, 4, 0.27007772403554142)
(923, 5, 0.20685725919140407)
(923, 6, 0.24154613227799415)
(923, 9, 0.067440446493905237)
(923, 3, 0.21323510560879433)
(923, 1, 0.22433708078819237)
(923, 8, nan)
(923, 2, 0.3041795625862258)
(923, 7, 0.12257290497910367)
(925, 4, 0.1334008206359989)
(925, 5, 0.24429429261264524)
(925, 6, 0.27110971509024284)
(925, 9, 0.2031778538878688)
(925, 3, 0.27225742446886636)
(925, 1, 0.19552331013092494)
(925, 8, nan)
(925, 2, 0.1434222797434499)
(925, 7, 0.19403996942030044)
(926, 4, 0.22836776104463907)
(926, 5, 0.22283780329619796)
(926, 6, 0.22678219763012175)
(926, 9, 0.10188118504107457)
(926, 3, 0.20327142672703713)
(926, 1, 0.1938328851116542)
(926, 8, nan)
(926, 2, 0.22178855187451885)
(926, 7, 0.15650691325668897)
(927, 4, 0.32991043994671365)
(927, 5, 0.40186814881813437)
(927, 6, 0.36965960097916195)
(927, 9, 0.39493419431492716)
(927, 3, 0.38948154041785576)
(927, 1, 0.34391868504768786)
(927, 8, nan)
(927, 2, 0.30639124066779022)
(927, 7, 0.26654232825148871)
(928, 4, 0.21517495660574526)
(928, 5, 0.28252992033448054)
(928, 6, 0.29379115920166765)
(928, 9, 0.16191950014437739)
(928, 3, 0.29566422307709128)
(928, 1, 0.20968910117380402)
(928, 8, nan)
(928, 2, 0.21098159183396747)
(928, 7, 0.30905878720013258)
(929, 4, 0.28149263435440175)
(929, 5, 0.35726406387729148)
(929, 6, 0.34002677287391703)
(929, 9, 0.41435055255190423)
(929, 3, 0.37742616524723061)
(929, 1, 0.2624530555822826)
(929, 8, nan)
(929, 2, 0.27340401791741198)
(929, 7, 0.32111825582997733)
(930, 4, 0.35205297660007373)
(930, 5, 0.31164366329081794)
(930, 6, 0.27543082681553666)
(930, 9, 0.15290137335251197)
(930, 3, 0.24994788191063133)
(930, 1, 0.27716301131544996)
(930, 8, nan)
(930, 2, 0.30421253618178301)
(930, 7, 0.16416914627218437)
(933, 4, 0.15432269254394748)
(933, 5, 0.21105909118267352)
(933, 6, 0.21988707651178396)
(933, 9, 0.19024381946291458)
(933, 3, 0.24642870143556073)
(933, 1, 0.11286827823728585)
(933, 8, nan)
(933, 2, 0.15885466803229542)
(933, 7, 0.27229145012441114)
(934, 4, 0.20812471032850544)
(934, 5, 0.30812353875960841)
(934, 6, 0.31026829451577798)
(934, 9, 0.1870659804843624)
(934, 3, 0.27727839171707758)
(934, 1, 0.2675857776999494)
(934, 8, nan)
(934, 2, 0.20687281327005469)
(934, 7, 0.30010251159604007)
(935, 4, 0.28454519036214776)
(935, 5, 0.37841720864086015)
(935, 6, 0.35897656318174853)
(935, 9, 0.35330700190934494)
(935, 3, 0.35623382509149149)
(935, 1, 0.29404993686769454)
(935, 8, nan)
(935, 2, 0.30866002001336335)
(935, 7, 0.29428666954483318)
(936, 4, 0.25922962140588379)
(936, 5, 0.28134602088750649)
(936, 6, 0.25658850857773663)
(936, 9, 0.31396340319586602)
(936, 3, 0.26578547487754123)
(936, 1, 0.24278510446641699)
(936, 8, nan)
(936, 2, 0.26762285285994536)
(936, 7, 0.18189714470808016)
(937, 4, 0.28905702456762827)
(937, 5, 0.32655591474932133)
(937, 6, 0.32559162414954013)
(937, 9, 0.32255115317295036)
(937, 3, 0.31469077296291348)
(937, 1, 0.28035792580472063)
(937, 8, nan)
(937, 2, 0.31178411749316104)
(937, 7, 0.23078291731629719)
(938, 4, 0.28284578503067714)
(938, 5, 0.38873295439935363)
(938, 6, 0.35596897440150654)
(938, 9, 0.47686958177033034)
(938, 3, 0.37858306924591623)
(938, 1, 0.2996142892600262)
(938, 8, nan)
(938, 2, 0.30760932764622639)
(938, 7, 0.32470233696882689)
(939, 4, 0.26219899498652699)
(939, 5, 0.34314633616035439)
(939, 6, 0.3193258160047906)
(939, 9, 0.27408909053099295)
(939, 3, 0.33250427041833852)
(939, 1, 0.26085979335430509)
(939, 8, nan)
(939, 2, 0.24169317738542762)
(939, 7, 0.27636038226121529)
(940, 4, 0.30602828806725413)
(940, 5, 0.38995993184829758)
(940, 6, 0.40991054859534404)
(940, 9, 0.30625453314239859)
(940, 3, 0.41958615606493721)
(940, 1, 0.32593877966174767)
(940, 8, nan)
(940, 2, 0.33548848760389793)
(940, 7, 0.42298700434916836)
(941, 4, 0.26048980358668894)
(941, 5, 0.36350281421486708)
(941, 6, 0.37493688109802981)
(941, 9, 0.3700068619767376)
(941, 3, 0.40722495407593584)
(941, 1, 0.29865149029966387)
(941, 8, nan)
(941, 2, 0.27025545346910751)
(941, 7, 0.36261948549618406)
(942, 4, 0.23430492873976283)
(942, 5, 0.34240155695819996)
(942, 6, 0.35814735286218358)
(942, 9, 0.21565662280003672)
(942, 3, 0.33067162510908532)
(942, 1, 0.27357191773385403)
(942, 8, nan)
(942, 2, 0.23394646472242675)
(942, 7, 0.36216096159302391)
(943, 4, 0.29778529039786428)
(943, 5, 0.35301586537151364)
(943, 6, 0.32476520767055117)
(943, 9, 0.27797859423399274)
(943, 3, 0.34067349848201667)
(943, 1, 0.31871348296398128)
(943, 8, nan)
(943, 2, 0.31747905661285469)
(943, 7, 0.28670212886392599)
(946, 4, 0.44946700541455487)
(946, 5, 0.44326723997577633)
(946, 6, 0.41785147027548031)
(946, 9, 0.29934230129483708)
(946, 3, 0.44956552490921897)
(946, 1, 0.34100942509204057)
(946, 8, nan)
(946, 2, 0.38823299901171215)
(946, 7, 0.3462329441297618)
(947, 4, 0.16955361640326272)
(947, 5, 0.2716892431118435)
(947, 6, 0.23678014427292948)
(947, 9, 0.2317740489007607)
(947, 3, 0.24282192075193165)
(947, 1, 0.17324354388975116)
(947, 8, nan)
(947, 2, 0.17555394206141672)
(947, 7, 0.25336010528673714)
(948, 4, 0.25155850895102994)
(948, 5, 0.26620063516203407)
(948, 6, 0.24608433370503646)
(948, 9, 0.24089692843251997)
(948, 3, 0.28088667344622409)
(948, 1, 0.21662066262740609)
(948, 8, nan)
(948, 2, 0.22298726621483644)
(948, 7, 0.18930824416444902)
(949, 4, 0.18301466059964322)
(949, 5, 0.26726439987016359)
(949, 6, 0.2719512116696885)
(949, 9, 0.22870570570943027)
(949, 3, 0.26808472873654354)
(949, 1, 0.21587211173208154)
(949, 8, nan)
(949, 2, 0.19127539791647985)
(949, 7, 0.23630114574562333)
(950, 4, 0.27178004345659512)
(950, 5, 0.33739630959315203)
(950, 6, 0.2946109096246925)
(950, 9, 0.44027881314659445)
(950, 3, 0.33426319401577342)
(950, 1, 0.24959140338229657)
(950, 8, nan)
(950, 2, 0.29856984684002552)
(950, 7, 0.25781124891894502)
(951, 4, 0.25490014887551782)
(951, 5, 0.25630369874929648)
(951, 6, 0.29628025534972902)
(951, 9, 0.17500591345944161)
(951, 3, 0.2841326738176051)
(951, 1, 0.26720240447056132)
(951, 8, nan)
(951, 2, 0.29686611444860644)
(951, 7, 0.25137770540219895)
(952, 4, 0.29037172059624927)
(952, 5, 0.34927199870532744)
(952, 6, 0.34353477322137693)
(952, 9, 0.2191739523188927)
(952, 3, 0.29340687760383699)
(952, 1, 0.33100365298260837)
(952, 8, nan)
(952, 2, 0.29633515645323194)
(952, 7, 0.24672357725127358)
(953, 4, 0.31078982958458701)
(953, 5, 0.34942909882713735)
(953, 6, 0.34641982858418829)
(953, 9, 0.24924501922554509)
(953, 3, 0.37556777966101329)
(953, 1, 0.29013567553649244)
(953, 8, nan)
(953, 2, 0.29663731977392271)
(953, 7, 0.32069428996147242)
(954, 4, 0.24520701208245455)
(954, 5, 0.2766361114139495)
(954, 6, 0.26973735749297378)
(954, 9, 0.12811108990684572)
(954, 3, 0.26670738384307757)
(954, 1, 0.28222321929883831)
(954, 8, nan)
(954, 2, 0.26584907200072883)
(954, 7, 0.18965181019822064)
(956, 4, 0.40831901041479712)
(956, 5, 0.36451098401173188)
(956, 6, 0.35034952308161904)
(956, 9, 0.26785999972995145)
(956, 3, 0.39297648645546357)
(956, 1, 0.35975975793723991)
(956, 8, nan)
(956, 2, 0.39486994163153166)
(956, 7, 0.1606838754001626)
(957, 4, 0.28280051488267643)
(957, 5, 0.4014208755151305)
(957, 6, 0.41267757659947268)
(957, 9, 0.32228313658468744)
(957, 3, 0.3881373224557596)
(957, 1, 0.44087038225911024)
(957, 8, nan)
(957, 2, 0.29906306649426362)
(957, 7, 0.28071723856869246)
(960, 4, 0.22711002612374265)
(960, 5, 0.21752797490064857)
(960, 6, 0.18520581558305116)
(960, 9, 0.26370661223068326)
(960, 3, 0.24699126778989744)
(960, 1, 0.10122459833767983)
(960, 8, nan)
(960, 2, 0.1518128801737133)
(960, 7, 0.16047406895240868)
(961, 4, 0.25030431197016889)
(961, 5, 0.32124226396188138)
(961, 6, 0.37871405024281768)
(961, 9, 0.31482119699481248)
(961, 3, 0.37373634700870828)
(961, 1, 0.25694994205711363)
(961, 8, nan)
(961, 2, 0.26134052703111643)
(961, 7, 0.34314549391868865)
(962, 4, 0.28822205155720715)
(962, 5, 0.368128642394419)
(962, 6, 0.37911025181680946)
(962, 9, 0.26050362408603378)
(962, 3, 0.35967325004017392)
(962, 1, 0.3471550572257982)
(962, 8, nan)
(962, 2, 0.30909429324716575)
(962, 7, 0.31446628807660137)
(963, 4, 0.2560803029387082)
(963, 5, 0.27050006918752811)
(963, 6, 0.24627411155500567)
(963, 9, 0.33916703655588321)
(963, 3, 0.2595013242854618)
(963, 1, 0.22265256273110889)
(963, 8, nan)
(963, 2, 0.25231841572392355)
(963, 7, 0.16407576320528561)
(964, 4, 0.25826335681485757)
(964, 5, 0.41194771189212054)
(964, 6, 0.39900338212574782)
(964, 9, 0.36602563358832074)
(964, 3, 0.37362620376328892)
(964, 1, 0.39241606763477133)
(964, 8, nan)
(964, 2, 0.26547834546143756)
(964, 7, 0.25586503928191529)
(967, 4, 0.2220387447493698)
(967, 5, 0.30758668350336982)
(967, 6, 0.30476791677868054)
(967, 9, 0.22639766071858791)
(967, 3, 0.27975543513283618)
(967, 1, 0.29863475830418151)
(967, 8, nan)
(967, 2, 0.21622869481030937)
(967, 7, 0.21011819728331083)
(968, 4, 0.38226143259414047)
(968, 5, 0.49042509693831016)
(968, 6, 0.43678346235724785)
(968, 9, 0.36763687214975183)
(968, 3, 0.41950636830128174)
(968, 1, 0.39875272474143397)
(968, 8, nan)
(968, 2, 0.34312293500969981)
(968, 7, 0.27895305722582742)
(969, 4, 0.18939705907232463)
(969, 5, 0.26615273856418464)
(969, 6, 0.20461867859771432)
(969, 9, 0.41238300950415785)
(969, 3, 0.26539163250440478)
(969, 1, 0.18245931122322945)
(969, 8, nan)
(969, 2, 0.21165041406301033)
(969, 7, 0.18386659527046689)
(970, 4, 0.2195015011874859)
(970, 5, 0.2645651343721358)
(970, 6, 0.29212212958640016)
(970, 9, 0.21661848463691014)
(970, 3, 0.25964142422854453)
(970, 1, 0.28325871916989898)
(970, 8, nan)
(970, 2, 0.23152458575179802)
(970, 7, 0.21446986290865611)
(972, 4, 0.39106217958147993)
(972, 5, 0.42737640560800239)
(972, 6, 0.40795917626667455)
(972, 9, 0.28807175253083495)
(972, 3, 0.40823659184997962)
(972, 1, 0.34847284415506574)
(972, 8, nan)
(972, 2, 0.363887212998381)
(972, 7, 0.30580020825151488)
(975, 4, 0.2241331932172963)
(975, 5, 0.32134034682051138)
(975, 6, 0.30646547888299125)
(975, 9, 0.17615082748771038)
(975, 3, 0.30080574348531208)
(975, 1, 0.23790297946093408)
(975, 8, nan)
(975, 2, 0.22233951040303634)
(975, 7, 0.28939367966550011)
(978, 4, 0.32123759622614334)
(978, 5, 0.34542752590700299)
(978, 6, 0.34157150801072245)
(978, 9, 0.26741378250198877)
(978, 3, 0.35664462665767593)
(978, 1, 0.27821515722642631)
(978, 8, nan)
(978, 2, 0.30049716712257368)
(978, 7, 0.2279280641093262)
(981, 4, 0.1786507022770556)
(981, 5, 0.22858098333590826)
(981, 6, 0.21672013321194883)
(981, 9, 0.16338654441197487)
(981, 3, 0.20579077813963054)
(981, 1, 0.23262381413208311)
(981, 8, nan)
(981, 2, 0.17558530274934481)
(981, 7, 0.11421390150000921)
(984, 4, 0.37518829998880399)
(984, 5, 0.42256283856624588)
(984, 6, 0.38519764134121703)
(984, 9, 0.47925003980582681)
(984, 3, 0.40870964857419056)
(984, 1, 0.33329963966546738)
(984, 8, nan)
(984, 2, 0.39847635629614264)
(984, 7, 0.30509569762837585)
(985, 4, 0.23463555353551147)
(985, 5, 0.26717877180194227)
(985, 6, 0.28814828932758185)
(985, 9, 0.16019669989280849)
(985, 3, 0.2645541615294007)
(985, 1, 0.28237564857639375)
(985, 8, nan)
(985, 2, 0.27484445784464429)
(985, 7, 0.19673457128668415)
(986, 4, 0.39741144376513771)
(986, 5, 0.54303508839708481)
(986, 6, 0.50401857457947319)
(986, 9, 0.38944026476082605)
(986, 3, 0.48125779943832669)
(986, 1, 0.45651702126957716)
(986, 8, nan)
(986, 2, 0.37781147202529453)
(986, 7, 0.34350279150172391)
(987, 4, 0.32863454457888874)
(987, 5, 0.32821098054318898)
(987, 6, 0.33406091886373757)
(987, 9, 0.25571218779883731)
(987, 3, 0.333775179452239)
(987, 1, 0.29526492741036303)
(987, 8, nan)
(987, 2, 0.32853028417354857)
(987, 7, 0.21352320421213011)
(988, 4, 0.42595775615175024)
(988, 5, 0.48318922815054122)
(988, 6, 0.48309482399357007)
(988, 9, 0.37167057471417442)
(988, 3, 0.46701559425086392)
(988, 1, 0.4161915876173381)
(988, 8, nan)
(988, 2, 0.42092464938979823)
(988, 7, 0.3225135219682137)
(989, 4, 0.27387200945727974)
(989, 5, 0.29818566488858611)
(989, 6, 0.30479252589758821)
(989, 9, 0.17825023723808009)
(989, 3, 0.30499502856953842)
(989, 1, 0.26201037510043412)
(989, 8, nan)
(989, 2, 0.28647276830375423)
(989, 7, 0.26841135976894281)
(990, 4, 0.18721987853108013)
(990, 5, 0.2029679214393314)
(990, 6, 0.17513980900815518)
(990, 9, 0.33242809084400449)
(990, 3, 0.20669636667966307)
(990, 1, 0.12596114086830368)
(990, 8, nan)
(990, 2, 0.16102824533710114)
(990, 7, 0.15470305375435811)
(991, 4, 0.29003801165597809)
(991, 5, 0.37485948818752446)
(991, 6, 0.35403216640871338)
(991, 9, 0.35518484696998509)
(991, 3, 0.36756461977069665)
(991, 1, 0.32523399002593301)
(991, 8, nan)
(991, 2, 0.26677149438548353)
(991, 7, 0.27111122657274733)
(992, 4, 0.35215332428695356)
(992, 5, 0.32955745768532063)
(992, 6, 0.29268569417252821)
(992, 9, 0.2059455931968488)
(992, 3, 0.35042448427469131)
(992, 1, 0.25622741197653176)
(992, 8, nan)
(992, 2, 0.32773893788440334)
(992, 7, 0.2119141837326437)
(993, 4, 0.29904033299433663)
(993, 5, 0.3492030039404892)
(993, 6, 0.32752632871976894)
(993, 9, 0.3122962880990201)
(993, 3, 0.34050909060042689)
(993, 1, 0.30928954668251385)
(993, 8, nan)
(993, 2, 0.2573030191005734)
(993, 7, 0.21640369264906967)
(994, 4, 0.23775549417890796)
(994, 5, 0.34360371395154865)
(994, 6, 0.30760016886387476)
(994, 9, 0.22071792996473594)
(994, 3, 0.307122623121868)
(994, 1, 0.28685463318681415)
(994, 8, nan)
(994, 2, 0.25890637870516886)
(994, 7, 0.26679486174133593)
(996, 4, 0.26642072373859493)
(996, 5, 0.29169355487956827)
(996, 6, 0.27892977067251401)
(996, 9, 0.27396497114459184)
(996, 3, 0.29719828895584599)
(996, 1, 0.23099801260751895)
(996, 8, nan)
(996, 2, 0.23605984639765909)
(996, 7, 0.20009943296163835)
(998, 4, 0.19094934271954933)
(998, 5, 0.2876105369189228)
(998, 6, 0.28110464201021701)
(998, 9, 0.22332841105404788)
(998, 3, 0.27069176199832912)
(998, 1, 0.32107414973171566)
(998, 8, nan)
(998, 2, 0.20144750313200321)
(998, 7, 0.26173723120775727)
(999, 4, 0.093997247270609208)
(999, 5, 0.14902760523159386)
(999, 6, 0.12624633505026883)
(999, 9, 0.14990809121666615)
(999, 3, 0.1400406609332675)
(999, 1, 0.10106641004288131)
(999, 8, nan)
(999, 2, 0.10044607451169818)
(999, 7, 0.13021406708271233)
(1000, 4, 0.30869957755787969)
(1000, 5, 0.38363358788104196)
(1000, 6, 0.3389997485682541)
(1000, 9, 0.37655631604499362)
(1000, 3, 0.37047928933308683)
(1000, 1, 0.3087670319449578)
(1000, 8, nan)
(1000, 2, 0.30409203036136279)
(1000, 7, 0.27231960407837397)
(1002, 4, 0.2794901533026467)
(1002, 5, 0.34404639620922128)
(1002, 6, 0.3531282665323543)
(1002, 9, 0.21132569881047281)
(1002, 3, 0.33249689374664126)
(1002, 1, 0.31414572060826795)
(1002, 8, nan)
(1002, 2, 0.28955828708859044)
(1002, 7, 0.3193912498294349)
(1003, 4, 0.30768287054151999)
(1003, 5, 0.36878486997808246)
(1003, 6, 0.34595631831306739)
(1003, 9, 0.32824004133209805)
(1003, 3, 0.36091805356097262)
(1003, 1, 0.33170410624590385)
(1003, 8, nan)
(1003, 2, 0.26715091459392526)
(1003, 7, 0.23342503753334354)
(1004, 4, 0.44417001817033008)
(1004, 5, 0.40598111889007593)
(1004, 6, 0.33386446965092731)
(1004, 9, 0.50030965226201918)
(1004, 3, 0.43804125474730693)
(1004, 1, 0.19410785910798822)
(1004, 8, nan)
(1004, 2, 0.27621383495708618)
(1004, 7, 0.29375144547673004)
(1005, 4, 0.34322287945710572)
(1005, 5, 0.35290998681361374)
(1005, 6, 0.34005897468081492)
(1005, 9, 0.31481273338329618)
(1005, 3, 0.37033203218156252)
(1005, 1, 0.28877267536559315)
(1005, 8, nan)
(1005, 2, 0.31537722526008682)
(1005, 7, 0.32350136651293115)
(1006, 4, 0.38560401382388965)
(1006, 5, 0.42394807533435586)
(1006, 6, 0.39824330960712295)
(1006, 9, 0.27150977763284823)
(1006, 3, 0.41841461229758004)
(1006, 1, 0.33566620692567239)
(1006, 8, nan)
(1006, 2, 0.34025477617122091)
(1006, 7, 0.4234124170997684)
